72 128 011
0 2 1 9 1 10 1 
300 1 1 3 91 11 209 
0 2 91 4 91 
500 3 91 5 596 13 1053 
700 4 596 6 177 14 110 
200 5 177 7 123 15 41 
0 6 123 8 29 16 94 
0 7 29 9 1 17 29 
0 8 1 1 1 18 1 
0 11 1 18 1 1 1 19 1 
500 10 1 12 154 2 209 20 530 
0 11 154 13 154 
500 12 154 14 501 4 1053 22 1717 
700 13 501 15 81 5 110 23 139 
0 14 81 16 52 6 41 24 47 
0 15 52 17 12 7 94 25 135 
0 16 12 18 1 8 29 26 41 
0 17 1 10 1 9 1 27 1 
300 20 302 27 121 10 1 28 70 
100 19 302 21 1175 11 530 29 1754 
0 20 1175 22 1175 
400 21 1175 23 484 13 1717 31 921 
500 22 484 24 183 14 139 32 109 
300 23 183 25 128 15 47 33 34 
0 24 128 26 32 16 135 34 254 
0 25 32 27 63 17 41 35 10 
200 26 63 19 121 18 1 36 58 
600 29 423 36 49 19 70 37 168 
700 28 423 30 1 20 1754 38 1800 
0 29 1 31 1 
0 30 1 32 1 22 921 40 921 
0 31 1 33 1 23 109 41 109 
0 32 1 34 1 24 34 42 34 
0 33 1 35 14 25 254 43 239 
0 34 14 36 24 26 10 44 1 
0 35 24 28 49 27 58 45 63 
700 38 633 45 253 28 168 46 266 
500 37 633 39 827 29 1800 47 787 
0 38 827 40 504 48 1270 
100 39 504 41 1 31 921 49 449 
0 40 1 42 1 32 109 50 109 
0 41 1 43 23 33 34 51 56 
0 42 23 44 217 34 239 
0 43 217 45 104 35 1 53 147 
300 44 104 37 253 36 63 54 16 
700 47 492 54 29 37 266 55 204 
300 46 492 48 147 38 787 56 388 
300 47 147 49 284 39 1270 57 1097 
500 48 284 50 1 40 449 58 347 
0 49 1 51 1 41 109 59 109 
0 50 1 52 1 42 56 60 56 
0 51 1 53 1 
0 52 1 54 28 44 147 62 119 
0 53 28 46 29 45 16 63 16 
500 56 536 63 306 46 204 64 21 
300 55 536 57 463 47 388 65 198 
100 56 463 58 404 48 1097 66 304 
100 57 404 59 503 49 347 67 240 
700 58 503 60 83 50 109 68 1 
0 59 83 61 40 51 56 69 14 
0 60 40 62 40 
0 61 40 63 122 53 119 71 4 
400 62 122 55 306 54 16 72 1 
100 65 76 72 4 55 21 
0 64 76 66 131 56 198 
100 65 131 67 341 57 304 
600 66 341 68 15 58 240 
0 67 15 69 15 59 1 
0 68 15 70 1 60 14 
0 69 1 71 1 
0 70 1 72 4 62 4 
0 71 4 64 4 63 1 
