328 384 011
0 73 100000 75 100000 77 100000 
300 74 100000 79 100000 81 100000 
0 80 100000 83 100000 
500 84 100000 85 100000 87 100000 
700 86 100000 89 100000 91 100000 
200 90 100000 93 100000 95 100000 
0 94 100000 97 100000 99 100000 
0 98 100000 101 100000 103 100000 
0 76 100000 102 100000 105 100000 
0 78 100000 107 100000 109 100000 111 100000 
500 82 100000 108 100000 113 100000 115 100000 
0 114 100000 117 100000 
500 88 100000 118 100000 119 100000 121 100000 
700 92 100000 120 100000 123 100000 125 100000 
0 96 100000 124 100000 127 100000 129 100000 
0 100 100000 128 100000 131 100000 133 100000 
0 104 100000 132 100000 135 100000 137 100000 
0 106 100000 110 100000 136 100000 139 100000 
300 112 100000 141 100000 143 100000 145 100000 
100 116 100000 142 100000 147 100000 149 100000 
0 148 100000 151 100000 
400 122 100000 152 100000 153 100000 155 100000 
500 126 100000 154 100000 157 100000 159 100000 
300 130 100000 158 100000 161 100000 163 100000 
0 134 100000 162 100000 165 100000 167 100000 
0 138 100000 166 100000 169 100000 171 100000 
200 140 100000 144 100000 170 100000 173 100000 
600 146 100000 175 100000 177 100000 179 100000 
700 150 100000 176 100000 181 100000 183 100000 
0 182 100000 185 100000 
0 156 100000 186 100000 187 100000 189 100000 
0 160 100000 188 100000 191 100000 193 100000 
0 164 100000 192 100000 195 100000 197 100000 
0 168 100000 196 100000 199 100000 201 100000 
0 172 100000 200 100000 203 100000 205 100000 
0 174 100000 178 100000 204 100000 207 100000 
700 180 100000 209 100000 211 100000 213 100000 
500 184 100000 210 100000 215 100000 217 100000 
0 216 100000 219 100000 221 100000 
100 190 100000 220 100000 223 100000 225 100000 
0 194 100000 224 100000 227 100000 229 100000 
0 198 100000 228 100000 231 100000 233 100000 
0 202 100000 232 100000 235 100000 
0 206 100000 236 100000 237 100000 239 100000 
300 208 100000 212 100000 238 100000 241 100000 
700 214 100000 243 100000 245 100000 247 100000 
300 218 100000 244 100000 249 100000 251 100000 
300 222 100000 250 100000 253 100000 255 100000 
500 226 100000 254 100000 257 100000 259 100000 
0 230 100000 258 100000 261 100000 263 100000 
0 234 100000 262 100000 265 100000 267 100000 
0 266 100000 269 100000 
0 240 100000 270 100000 271 100000 273 100000 
0 242 100000 246 100000 272 100000 275 100000 
500 248 100000 277 100000 279 100000 281 100000 
300 252 100000 278 100000 283 100000 285 100000 
100 256 100000 284 100000 287 100000 289 100000 
100 260 100000 288 100000 291 100000 293 100000 
700 264 100000 292 100000 295 100000 297 100000 
0 268 100000 296 100000 299 100000 301 100000 
0 300 100000 303 100000 
0 274 100000 304 100000 305 100000 307 100000 
400 276 100000 280 100000 306 100000 309 100000 
100 282 100000 311 100000 313 100000 
0 286 100000 312 100000 315 100000 
100 290 100000 316 100000 317 100000 
600 294 100000 318 100000 319 100000 
0 298 100000 320 100000 321 100000 
0 302 100000 322 100000 323 100000 
0 324 100000 325 100000 
0 308 100000 326 100000 327 100000 
0 310 100000 314 100000 328 100000 
0 74 1 1 100000 
0 73 1 2 100000 
0 76 1 1 100000 
0 75 1 9 100000 
0 78 1 1 100000 
0 77 1 10 100000 
93 80 91 2 100000 
93 79 91 3 100000 
212 82 209 2 100000 
212 81 209 11 100000 
93 84 91 3 100000 
93 83 91 4 100000 
603 86 596 4 100000 
603 85 596 5 100000 
1048 88 1053 4 100000 
1048 87 1053 13 100000 
172 90 177 5 100000 
172 89 177 6 100000 
109 92 110 5 100000 
109 91 110 14 100000 
124 94 123 6 100000 
124 93 123 7 100000 
41 96 41 6 100000 
41 95 41 15 100000 
29 98 29 7 100000 
29 97 29 8 100000 
95 100 94 7 100000 
95 99 94 16 100000 
0 102 1 8 100000 
0 101 1 9 100000 
29 104 29 8 100000 
29 103 29 17 100000 
0 106 1 9 100000 
0 105 1 18 100000 
0 108 1 10 100000 
0 107 1 11 100000 
0 110 1 10 100000 
0 109 1 18 100000 
0 112 1 10 100000 
0 111 1 19 100000 
155 114 154 11 100000 
155 113 154 12 100000 
534 116 530 11 100000 
534 115 530 20 100000 
155 118 154 12 100000 
155 117 154 13 100000 
509 120 501 13 100000 
509 119 501 14 100000 
1705 122 1717 13 100000 
1705 121 1717 22 100000 
78 124 81 14 100000 
78 123 81 15 100000 
138 126 139 14 100000 
138 125 139 23 100000 
50 128 52 15 100000 
50 127 52 16 100000 
47 130 47 15 100000 
47 129 47 24 100000 
11 132 12 16 100000 
11 131 12 17 100000 
134 134 135 16 100000 
134 133 135 25 100000 
0 136 1 17 100000 
0 135 1 18 100000 
40 138 41 17 100000 
40 137 41 26 100000 
0 140 1 18 100000 
0 139 1 27 100000 
307 142 302 19 100000 
307 141 302 20 100000 
119 144 121 19 100000 
119 143 121 27 100000 
71 146 70 19 100000 
71 145 70 28 100000 
1173 148 1175 20 100000 
1173 147 1175 21 100000 
1768 150 1754 20 100000 
1768 149 1754 29 100000 
1173 152 1175 21 100000 
1173 151 1175 22 100000 
483 154 484 22 100000 
483 153 484 23 100000 
913 156 921 22 100000 
913 155 921 31 100000 
181 158 183 23 100000 
181 157 183 24 100000 
110 160 109 23 100000 
110 159 109 32 100000 
129 162 128 24 100000 
129 161 128 25 100000 
34 164 34 24 100000 
34 163 34 33 100000 
31 166 32 25 100000 
31 165 32 26 100000 
255 168 254 25 100000 
255 167 254 34 100000 
61 170 63 26 100000 
61 169 63 27 100000 
10 172 10 26 100000 
10 171 10 35 100000 
60 174 58 27 100000 
60 173 58 36 100000 
420 176 423 28 100000 
420 175 423 29 100000 
48 178 49 28 100000 
48 177 49 36 100000 
170 180 168 28 100000 
170 179 168 37 100000 
0 182 1 29 100000 
0 181 1 30 100000 
1799 184 1800 29 100000 
1799 183 1800 38 100000 
0 186 1 30 100000 
0 185 1 31 100000 
0 188 1 31 100000 
0 187 1 32 100000 
913 190 921 31 100000 
913 189 921 40 100000 
0 192 1 32 100000 
0 191 1 33 100000 
110 194 109 32 100000 
110 193 109 41 100000 
0 196 1 33 100000 
0 195 1 34 100000 
34 198 34 33 100000 
34 197 34 42 100000 
15 200 14 34 100000 
15 199 14 35 100000 
240 202 239 34 100000 
240 201 239 43 100000 
25 204 24 35 100000 
25 203 24 36 100000 
0 206 1 35 100000 
0 205 1 44 100000 
64 208 63 36 100000 
64 207 63 45 100000 
628 210 633 37 100000 
628 209 633 38 100000 
248 212 253 37 100000 
248 211 253 45 100000 
266 214 266 37 100000 
266 213 266 46 100000 
824 216 827 38 100000 
824 215 827 39 100000 
784 218 787 38 100000 
784 217 787 47 100000 
510 220 504 39 100000 
510 219 504 40 100000 
1262 222 1270 39 100000 
1262 221 1270 48 100000 
0 224 1 40 100000 
0 223 1 41 100000 
451 226 449 40 100000 
451 225 449 49 100000 
0 228 1 41 100000 
0 227 1 42 100000 
110 230 109 41 100000 
110 229 109 50 100000 
22 232 23 42 100000 
22 231 23 43 100000 
58 234 56 42 100000 
58 233 56 51 100000 
217 236 217 43 100000 
217 235 217 44 100000 
103 238 104 44 100000 
103 237 104 45 100000 
148 240 147 44 100000 
148 239 147 53 100000 
16 242 16 45 100000 
16 241 16 54 100000 
484 244 492 46 100000 
484 243 492 47 100000 
28 246 29 46 100000 
28 245 29 54 100000 
201 248 204 46 100000 
201 247 204 55 100000 
146 250 147 47 100000 
146 249 147 48 100000 
384 252 388 47 100000 
384 251 388 56 100000 
285 254 284 48 100000 
285 253 284 49 100000 
1093 256 1097 48 100000 
1093 255 1097 57 100000 
0 258 1 49 100000 
0 257 1 50 100000 
350 260 347 49 100000 
350 259 347 58 100000 
0 262 1 50 100000 
0 261 1 51 100000 
110 264 109 50 100000 
110 263 109 59 100000 
0 266 1 51 100000 
0 265 1 52 100000 
58 268 56 51 100000 
58 267 56 60 100000 
0 270 1 52 100000 
0 269 1 53 100000 
29 272 28 53 100000 
29 271 28 54 100000 
119 274 119 53 100000 
119 273 119 62 100000 
16 276 16 54 100000 
16 275 16 63 100000 
537 278 536 55 100000 
537 277 536 56 100000 
304 280 306 55 100000 
304 279 306 63 100000 
20 282 21 55 100000 
20 281 21 64 100000 
467 284 463 56 100000 
467 283 463 57 100000 
196 286 198 56 100000 
196 285 198 65 100000 
408 288 404 57 100000 
408 287 404 58 100000 
303 290 304 57 100000 
303 289 304 66 100000 
511 292 503 58 100000 
511 291 503 59 100000 
241 294 240 58 100000 
241 293 240 67 100000 
81 296 83 59 100000 
81 295 83 60 100000 
0 298 1 59 100000 
0 297 1 68 100000 
39 300 40 60 100000 
39 299 40 61 100000 
15 302 14 60 100000 
15 301 14 69 100000 
39 304 40 61 100000 
39 303 40 62 100000 
120 306 122 62 100000 
120 305 122 63 100000 
4 308 4 62 100000 
4 307 4 71 100000 
0 310 1 63 100000 
0 309 1 72 100000 
78 312 76 64 100000 
78 311 76 65 100000 
4 314 4 64 100000 
4 313 4 72 100000 
131 316 131 65 100000 
131 315 131 66 100000 
344 318 341 66 100000 
344 317 341 67 100000 
14 320 15 67 100000 
14 319 15 68 100000 
14 322 15 68 100000 
14 321 15 69 100000 
0 324 1 69 100000 
0 323 1 70 100000 
0 326 1 70 100000 
0 325 1 71 100000 
4 328 4 71 100000 
4 327 4 72 100000 
