72 127 011
0 2 1 9 1 10 1 
300 1 1 3 89 11 211 
0 2 89 4 89 
500 3 89 5 588 13 1039 
700 4 588 6 194 14 95 
200 5 194 7 138 15 49 
0 6 138 8 138 16 1 
0 7 138 9 1 17 138 
0 8 1 1 1 18 1 
0 11 1 18 1 1 1 19 1 
500 10 1 12 146 2 211 20 541 
0 11 146 13 146 
500 12 146 14 283 4 1039 22 1546 
400 13 283 15 56 5 95 23 111 
0 14 56 16 40 6 49 24 52 
0 15 40 17 17 7 1 25 23 
0 16 17 18 1 8 138 26 154 
0 17 1 10 1 9 1 27 1 
300 20 434 27 268 10 1 28 71 
100 19 434 21 1334 11 541 29 1952 
0 20 1334 22 1334 
400 21 1334 23 478 13 1546 31 593 
500 22 478 24 195 14 111 32 94 
300 23 195 25 151 15 52 33 43 
0 24 151 26 41 16 23 34 133 
0 25 41 27 129 17 154 35 124 
500 26 129 19 268 18 1 36 141 
600 29 403 36 66 19 71 37 173 
700 28 403 30 41 20 1952 38 1977 
0 29 41 31 41 
100 30 41 32 1 22 593 40 592 
0 31 1 33 1 23 94 41 94 
0 32 1 34 1 24 43 42 43 
0 33 1 35 133 25 133 
0 34 133 36 25 26 124 44 233 
0 35 25 28 66 27 141 45 131 
700 38 606 45 300 28 173 46 303 
200 37 606 39 795 29 1977 47 1032 
0 38 795 40 216 48 942 
100 39 216 41 1 31 592 49 416 
0 40 1 42 1 32 94 50 94 
0 41 1 43 1 33 43 51 43 
0 42 1 44 1 
0 43 1 45 99 35 233 53 169 
300 44 99 37 300 36 131 54 27 
700 47 469 54 30 37 303 55 222 
300 46 469 48 143 38 1032 56 659 
300 47 143 49 291 39 942 57 760 
500 48 291 50 1 40 416 58 317 
0 49 1 51 1 41 94 59 94 
0 50 1 52 1 42 43 60 43 
0 51 1 53 1 
0 52 1 54 29 44 169 62 141 
0 53 29 46 30 45 27 63 27 
500 56 514 63 304 46 222 64 22 
300 55 514 57 170 47 659 65 200 
100 56 170 58 338 48 760 66 309 
0 57 338 59 495 49 317 67 230 
700 58 495 60 101 50 94 68 1 
0 59 101 61 71 51 43 69 15 
0 60 71 62 71 
0 61 71 63 114 53 141 71 4 
400 62 114 55 304 54 27 72 1 
100 65 75 72 4 55 22 
0 64 75 66 134 56 200 
100 65 134 67 350 57 309 
600 66 350 68 15 58 230 
0 67 15 69 15 59 1 
0 68 15 70 1 60 15 
0 69 1 71 1 
0 70 1 72 4 62 4 
0 71 4 64 4 63 1 
