72 127 011
300 2 146 9 1 10 154 
0 1 146 3 650 11 743 
400 2 650 4 390 12 75 
500 3 390 5 120 13 19 
0 4 120 6 33 14 87 
0 5 33 7 33 
0 6 33 8 1 16 33 
0 7 1 9 1 17 1 
0 8 1 1 1 18 1 
300 11 189 18 279 1 154 19 473 
200 10 189 12 490 20 1269 2 743 
600 11 490 13 23 21 52 3 75 
0 12 23 14 23 4 19 22 19 
0 13 23 15 1 5 87 23 110 
0 14 1 16 1 
0 15 1 17 19 25 52 7 33 
0 16 19 18 19 8 1 26 1 
500 17 19 10 279 9 1 27 200 
100 20 351 27 374 10 473 28 861 
300 19 351 21 298 29 1212 11 1269 
100 20 298 22 266 30 5 12 52 
400 21 266 23 106 13 19 31 19 
0 22 106 24 26 14 110 32 189 
0 23 26 25 26 
0 24 26 26 99 34 60 16 52 
700 25 99 27 510 17 1 35 88 
100 26 510 19 374 18 200 36 339 
0 29 635 36 642 19 861 
200 28 635 30 1 38 1848 20 1212 
0 29 1 31 1 39 5 21 5 
0 30 1 32 1 22 19 40 19 
0 31 1 33 1 23 189 41 189 
0 32 1 34 1 
0 33 1 35 1 43 60 25 60 
0 34 1 36 1 26 88 44 88 
800 35 1 28 642 27 339 45 671 
0 38 358 45 360 
200 37 358 39 1 47 1792 29 1848 
0 38 1 40 2 48 3 30 5 
0 39 2 41 1 31 19 49 21 
0 40 1 42 168 32 189 50 21 
0 41 168 43 47 51 185 
0 42 47 44 49 52 61 34 60 
400 43 49 45 291 35 88 53 95 
400 44 291 37 360 36 671 54 600 
0 47 308 54 306 
500 46 308 48 1 56 1471 38 1792 
0 47 1 49 1 39 3 57 3 
0 48 1 50 1 40 21 58 21 
0 49 1 51 1 41 21 59 21 
0 50 1 52 42 60 159 42 185 
0 51 42 53 57 61 76 43 61 
400 52 57 54 283 44 95 62 72 
500 53 283 46 306 45 600 63 504 
0 56 358 63 356 
200 55 358 57 395 65 767 47 1471 
300 56 395 58 157 48 3 66 8 
200 57 157 59 65 49 21 67 6 
0 58 65 60 78 50 21 68 34 
0 59 78 61 158 69 1 51 159 
400 60 158 62 271 70 1 52 76 
500 61 271 63 557 53 72 71 1 
400 62 557 55 356 54 504 72 218 
0 65 218 72 223 
800 64 218 66 257 56 767 
300 65 257 67 39 57 8 
0 66 39 68 34 58 6 
0 67 34 69 1 59 34 
0 68 1 70 1 60 1 
0 69 1 71 1 61 1 
0 70 1 72 1 62 1 
0 71 1 64 223 63 218 
