72 128 011
300 2 70 9 1 10 230 
0 1 70 3 617 11 634 
400 2 617 4 357 12 75 
500 3 357 5 153 13 19 
0 4 153 6 33 14 120 
0 5 33 7 33 
0 6 33 8 1 16 33 
0 7 1 9 1 17 1 
0 8 1 1 1 18 1 
300 11 484 18 279 1 230 19 960 
200 10 484 12 479 20 736 2 634 
600 11 479 13 35 21 52 3 75 
0 12 35 14 35 4 19 22 19 
0 13 35 15 1 5 120 23 154 
0 14 1 16 1 
0 15 1 17 1 25 33 7 33 
0 16 1 18 1 8 1 26 1 
500 17 1 10 279 9 1 27 219 
100 20 165 27 354 10 960 28 1026 
300 19 165 21 298 29 981 11 736 
100 20 298 22 266 30 5 12 52 
400 21 266 23 124 13 19 31 1 
0 22 124 24 26 14 154 32 252 
0 23 26 25 26 
0 24 26 26 119 34 61 16 33 
700 25 119 27 489 17 1 35 88 
100 26 489 19 354 18 219 36 359 
0 29 675 36 738 19 1026 
200 28 675 30 1 38 1657 20 981 
0 29 1 31 2 39 3 21 5 
0 30 2 32 1 22 1 40 2 
0 31 1 33 187 23 252 41 66 
0 32 187 34 47 42 237 
0 33 47 35 15 43 27 25 61 
0 34 15 36 15 26 88 44 88 
800 35 15 28 738 27 359 45 800 
0 38 158 45 157 
200 37 158 39 1 47 1659 29 1657 
0 38 1 40 1 48 3 30 3 
0 39 1 41 1 31 2 49 2 
0 40 1 42 1 32 66 50 66 
0 41 1 43 53 51 221 33 237 
0 42 53 44 68 52 42 34 27 
400 43 68 45 272 35 88 53 95 
400 44 272 37 157 36 800 54 691 
0 47 556 54 554 
500 46 556 48 1 56 987 38 1659 
0 47 1 49 1 39 3 57 3 
0 48 1 50 1 40 2 58 2 
0 49 1 51 73 41 66 59 142 
0 50 73 52 42 60 119 42 221 
0 51 42 53 57 61 57 43 42 
400 52 57 54 283 44 95 62 72 
500 53 283 46 554 45 691 63 946 
0 56 110 63 108 
200 55 110 57 368 65 660 47 987 
300 56 368 58 130 48 3 66 8 
200 57 130 59 109 49 2 67 6 
0 58 109 60 39 50 142 68 69 
0 59 39 61 158 69 1 51 119 
400 60 158 62 290 70 1 52 57 
500 61 290 63 576 53 72 71 1 
400 62 576 55 108 54 946 72 290 
0 65 290 72 297 
800 64 290 66 223 56 660 
300 65 223 67 73 57 8 
0 66 73 68 67 58 6 
0 67 67 69 1 59 69 
0 68 1 70 1 60 1 
0 69 1 71 1 61 1 
0 70 1 72 1 62 1 
0 71 1 64 297 63 290 
