72 126 011
300 2 62 9 1 10 238 
400 1 62 3 590 11 907 
400 2 590 4 369 12 83 
500 3 369 5 173 13 19 
0 4 173 6 1 14 173 
0 5 1 7 1 
0 6 1 8 1 16 1 
0 7 1 9 1 17 1 
0 8 1 1 1 18 1 
300 11 313 18 270 1 238 19 715 
200 10 313 12 540 20 1164 2 907 
700 11 540 13 54 21 58 3 83 
0 12 54 14 54 4 19 22 19 
0 13 54 15 1 5 173 23 227 
0 14 1 16 1 
0 15 1 17 9 25 10 7 1 
0 16 9 18 9 8 1 26 1 
500 17 9 10 270 9 1 27 219 
0 20 519 27 632 10 715 
300 19 519 21 299 29 1824 11 1164 
100 20 299 22 278 30 3 12 58 
400 21 278 23 121 13 19 31 1 
0 22 121 24 100 14 227 32 248 
0 23 100 25 100 
200 24 100 26 171 34 120 16 10 
700 25 171 27 562 17 1 35 82 
100 26 562 19 632 18 219 36 578 
0 29 403 36 393 
0 28 403 30 1 38 1645 20 1824 
0 29 1 31 1 39 3 21 3 
0 30 1 32 1 22 1 40 1 
0 31 1 33 183 23 248 41 66 
0 32 183 34 77 42 209 
0 33 77 35 112 43 62 25 120 
300 34 112 36 255 26 82 44 86 
800 35 255 28 393 27 578 45 762 
0 38 282 45 281 
200 37 282 39 1 47 1416 29 1645 
0 38 1 40 1 48 3 30 3 
0 39 1 41 1 31 1 49 1 
0 40 1 42 1 32 66 50 66 
0 41 1 43 42 51 183 33 209 
0 42 42 44 64 52 70 34 62 
400 43 64 45 279 35 86 53 67 
500 44 279 37 281 36 762 54 764 
0 47 508 54 508 
500 46 508 48 1 56 713 38 1416 
0 47 1 49 1 39 3 57 3 
0 48 1 50 1 40 1 58 1 
0 49 1 51 66 41 66 59 133 
0 50 66 52 42 60 89 42 183 
0 51 42 53 64 61 78 43 70 
400 52 64 54 279 44 67 62 17 
500 53 279 46 508 45 764 63 870 
0 56 117 63 115 
100 55 117 57 343 65 485 47 713 
300 56 343 58 153 48 3 66 1 
200 57 153 59 150 49 1 67 1 
0 58 150 60 20 50 133 
0 59 20 61 109 69 1 51 89 
400 60 109 62 239 70 1 52 78 
100 61 239 63 291 53 17 71 1 
400 62 291 55 115 54 870 72 289 
0 65 289 72 298 
800 64 289 66 1 56 485 
0 65 1 67 1 57 1 
0 66 1 68 1 58 1 
0 67 1 69 1 
0 68 1 70 1 60 1 
0 69 1 71 1 61 1 
0 70 1 72 1 62 1 
0 71 1 64 298 63 289 
