72 128 011
300 2 343 9 1 10 563 
400 1 343 3 581 11 569 
400 2 581 4 365 12 86 
500 3 365 5 178 13 20 
0 4 178 6 1 14 178 
0 5 1 7 1 
0 6 1 8 1 16 1 
0 7 1 9 1 17 1 
0 8 1 1 1 18 1 
300 11 192 18 274 1 563 19 838 
300 10 192 12 535 20 1049 2 569 
700 11 535 13 56 21 59 3 86 
0 12 56 14 56 4 20 22 20 
0 13 56 15 1 5 178 23 234 
0 14 1 16 1 
0 15 1 17 19 25 20 7 1 
0 16 19 18 19 8 1 26 1 
500 17 19 10 274 9 1 27 206 
0 20 411 27 647 10 838 
300 19 411 21 331 29 1527 11 1049 
100 20 331 22 314 30 3 12 59 
400 21 314 23 164 13 20 31 1 
0 22 164 24 330 14 234 32 68 
0 23 330 25 222 33 348 
200 24 222 26 208 34 21 16 20 
700 25 208 27 548 17 1 35 84 
100 26 548 19 647 18 206 36 743 
0 29 263 36 257 
0 28 263 30 1 38 1421 20 1527 
0 29 1 31 1 39 3 21 3 
0 30 1 32 1 22 1 40 1 
0 31 1 33 1 23 68 41 68 
0 32 1 34 56 42 352 24 348 
0 33 56 35 73 43 27 25 21 
300 34 73 36 211 26 84 44 89 
800 35 211 28 257 27 743 45 757 
0 38 539 45 539 
200 37 539 39 1 47 839 29 1421 
0 38 1 40 1 48 3 30 3 
0 39 1 41 1 31 1 49 1 
0 40 1 42 120 32 68 50 189 
0 41 120 43 43 51 203 33 352 
0 42 43 44 66 52 35 34 27 
400 43 66 45 276 35 89 53 69 
500 44 276 37 539 36 757 54 1053 
0 47 112 54 113 
500 46 112 48 10 56 599 38 839 
0 47 10 49 10 39 3 57 3 
0 48 10 50 10 40 1 58 1 
0 49 10 51 8 41 189 59 187 
0 50 8 52 43 60 168 42 203 
0 51 43 53 66 61 43 43 35 
400 52 66 54 276 44 69 62 18 
500 53 276 46 113 45 1053 63 619 
0 56 133 63 468 64 330 
100 55 133 57 292 65 413 47 599 
300 56 292 58 146 48 3 66 1 
200 57 146 59 204 49 1 67 30 
0 58 204 60 21 50 187 
0 59 21 61 189 69 1 51 168 
400 60 189 62 196 70 1 52 43 
100 61 196 63 245 53 18 71 1 
0 62 245 55 468 54 619 72 1 
0 65 330 72 1 55 330 
800 64 330 66 32 56 413 
0 65 32 67 32 57 1 
0 66 32 68 1 58 30 
0 67 1 69 1 
0 68 1 70 1 60 1 
0 69 1 71 1 61 1 
0 70 1 72 1 62 1 
0 71 1 64 1 63 1 
