72 126 011
300 2 127 9 56 10 365 
400 1 127 3 766 11 961 
700 2 766 4 392 12 112 
500 3 392 5 231 13 18 
0 4 231 6 1 14 231 
0 5 1 7 1 
0 6 1 8 2 16 2 
0 7 2 9 2 17 1 
100 8 2 1 56 18 44 
0 11 317 18 369 1 365 
300 10 317 12 468 20 1722 2 961 
700 11 468 13 70 21 113 3 112 
0 12 70 14 70 4 18 22 18 
0 13 70 15 1 5 231 23 301 
0 14 1 16 1 
0 15 1 17 14 25 16 7 2 
0 16 14 18 14 8 1 26 1 
500 17 14 10 369 9 44 27 399 
0 20 146 27 149 
400 19 146 21 270 29 1870 11 1722 
100 20 270 22 267 30 51 12 113 
400 21 267 23 103 13 18 31 34 
0 22 103 24 338 14 301 32 66 
0 23 338 25 140 33 342 
200 24 140 26 147 34 37 16 16 
300 25 147 27 264 17 1 35 39 
100 26 264 19 149 18 399 36 542 
0 29 274 36 273 
0 28 274 30 1 38 1629 20 1870 
0 29 1 31 1 39 51 21 51 
0 30 1 32 1 22 34 40 34 
0 31 1 33 1 23 66 41 66 
0 32 1 34 29 42 323 24 342 
0 33 29 35 53 43 51 25 37 
300 34 53 36 208 26 39 44 63 
600 35 208 28 273 27 542 45 832 
0 38 809 45 810 
200 37 809 39 1 47 811 29 1629 
0 38 1 40 1 48 51 30 51 
0 39 1 41 1 31 34 49 34 
0 40 1 42 9 32 66 50 74 
0 41 9 43 128 51 248 33 323 
300 42 128 44 221 52 68 34 51 
400 43 221 45 430 35 63 53 70 
500 44 430 37 810 36 832 54 1499 
0 47 183 54 183 
500 46 183 48 9 56 673 38 811 
0 47 9 49 9 39 51 57 51 
0 48 9 50 74 40 34 58 99 
0 49 74 51 1 41 74 
0 50 1 52 68 60 205 42 248 
0 51 68 53 124 61 63 43 68 
700 52 124 54 503 44 70 62 15 
500 53 503 46 183 45 1499 63 1059 
0 56 340 63 722 64 466 
100 55 340 57 581 65 386 47 673 
700 56 581 58 233 48 51 66 1 
200 57 233 59 127 49 99 67 14 
0 58 127 60 127 
0 59 127 61 148 69 1 51 205 
400 60 148 62 219 70 1 52 63 
100 61 219 63 270 53 15 71 1 
300 62 270 55 722 54 1059 72 1 
100 65 377 72 1 55 466 
800 64 377 66 15 56 386 
0 65 15 67 15 57 1 
0 66 15 68 1 58 14 
0 67 1 69 1 
0 68 1 70 1 60 1 
0 69 1 71 1 61 1 
0 70 1 72 1 62 1 
0 71 1 64 1 63 1 
