72 128 011
300 2 120 9 47 10 355 
300 1 120 3 762 11 886 
700 2 762 4 391 12 113 
500 3 391 5 233 13 18 
0 4 233 6 1 14 233 
0 5 1 7 1 
0 6 1 8 4 16 3 
0 7 4 9 4 17 1 
100 8 4 1 47 18 51 
0 11 266 18 323 1 355 
300 10 266 12 420 20 1564 2 886 
700 11 420 13 167 21 62 3 113 
0 12 167 14 116 4 18 22 69 
0 13 116 15 282 5 233 23 66 
0 14 282 16 11 24 293 
0 15 11 17 9 25 2 7 3 
0 16 9 18 9 8 1 26 1 
500 17 9 10 323 9 51 27 460 
0 20 124 27 127 
400 19 124 21 268 29 1709 11 1564 
100 20 268 22 214 30 51 12 62 
400 21 214 23 104 13 69 31 34 
0 22 104 24 58 14 66 32 113 
0 23 58 25 118 33 332 15 293 
200 24 118 26 141 34 38 16 2 
300 25 141 27 295 17 1 35 40 
100 26 295 19 127 18 460 36 630 
0 29 790 36 789 
0 28 790 30 1 38 921 20 1709 
0 29 1 31 1 39 51 21 51 
0 30 1 32 1 22 34 40 34 
0 31 1 33 46 23 113 41 158 
0 32 46 34 29 42 267 24 332 
0 33 29 35 53 43 51 25 38 
300 34 53 36 207 26 40 44 64 
600 35 207 28 789 27 630 45 1475 
0 38 60 45 58 
200 37 60 39 1 47 889 29 921 
0 38 1 40 1 48 51 30 51 
0 39 1 41 1 31 34 49 34 
0 40 1 42 1 32 158 50 158 
0 41 1 43 129 51 201 33 267 
300 42 129 44 220 52 69 34 51 
400 43 220 45 427 35 64 53 71 
500 44 427 37 58 36 1475 54 1368 
0 47 402 54 858 55 920 
500 46 402 48 45 56 533 38 889 
0 47 45 49 45 39 51 57 51 
0 48 45 50 112 40 34 58 173 
0 49 112 51 46 41 158 
0 50 46 52 114 60 159 42 201 
0 51 114 53 147 61 36 43 69 
700 52 147 54 456 44 71 62 44 
500 53 456 46 858 45 1368 63 246 
0 56 362 63 304 64 476 46 920 
100 55 362 57 550 65 375 47 533 
700 56 550 58 168 48 51 66 1 
200 57 168 59 78 49 173 67 14 
0 58 78 60 78 
0 59 78 61 149 69 1 51 159 
400 60 149 62 240 70 1 52 36 
100 61 240 63 268 53 44 71 1 
300 62 268 55 304 54 246 72 1 
100 65 387 72 1 55 476 
800 64 387 66 15 56 375 
0 65 15 67 15 57 1 
0 66 15 68 1 58 14 
0 67 1 69 1 
0 68 1 70 1 60 1 
0 69 1 71 1 61 1 
0 70 1 72 1 62 1 
0 71 1 64 1 63 1 
