72 126 011
0 2 39 9 40 
300 1 39 3 647 11 916 
700 2 647 4 236 12 122 
300 3 236 5 160 13 24 
0 4 160 6 1 14 160 
0 5 1 7 1 
0 6 1 8 1 16 1 
0 7 1 9 1 17 1 
100 8 1 1 40 18 61 
0 11 177 18 177 
500 10 177 12 463 20 1596 2 916 
700 11 463 13 110 21 110 3 122 
0 12 110 14 58 4 24 22 76 
0 13 58 15 200 5 160 23 19 
0 14 200 16 1 24 200 
0 15 1 17 1 25 1 7 1 
0 16 1 18 1 8 1 26 1 
500 17 1 10 177 9 61 27 375 
0 20 172 27 176 
400 19 172 21 515 29 1818 11 1596 
500 20 515 22 257 30 77 12 110 
400 21 257 23 153 13 76 31 25 
0 22 153 24 38 14 19 32 133 
0 23 38 25 101 33 205 15 200 
200 24 101 26 133 34 43 16 1 
300 25 133 27 299 17 1 35 48 
200 26 299 19 176 18 375 36 610 
0 29 1173 36 1174 
0 28 1173 30 1 38 644 20 1818 
0 29 1 31 1 39 77 21 77 
0 30 1 32 1 22 25 40 25 
0 31 1 33 1 23 133 41 133 
0 32 1 34 19 42 186 24 205 
0 33 19 35 43 43 57 25 43 
300 34 43 36 206 26 48 44 83 
600 35 206 28 1174 27 610 45 1789 
0 38 37 45 36 
100 37 37 39 1 47 629 29 644 
0 38 1 40 1 48 77 30 77 
0 39 1 41 19 31 25 49 44 
0 40 19 42 115 32 133 
0 41 115 43 135 51 204 33 186 
300 42 135 44 212 52 58 34 57 
700 43 212 45 636 35 83 53 130 
500 44 636 37 36 36 1789 54 1550 
0 47 323 54 822 55 726 
500 46 323 48 1 56 439 38 629 
0 47 1 49 1 39 77 57 77 
0 48 1 50 1 40 44 58 44 
0 49 1 51 1 
0 50 1 52 44 60 160 42 204 
0 51 44 53 80 61 21 43 58 
700 52 80 54 499 44 130 62 91 
300 53 499 46 822 45 1550 63 426 
0 56 356 63 127 64 437 46 726 
100 55 356 57 509 65 284 47 439 
700 56 509 58 104 48 77 66 1 
0 57 104 59 58 49 44 67 1 
0 58 58 60 58 
0 59 58 61 147 69 8 51 160 
400 60 147 62 249 70 1 52 21 
100 61 249 63 251 53 91 71 23 
300 62 251 55 127 54 426 72 25 
100 65 310 72 47 55 437 
600 64 310 66 1 56 284 
0 65 1 67 1 57 1 
0 66 1 68 1 58 1 
0 67 1 69 1 
0 68 1 70 8 60 8 
0 69 8 71 8 61 1 
100 70 8 72 70 62 23 
0 71 70 64 47 63 25 
