72 128 011
0 2 34 9 35 
300 1 34 3 551 11 800 
700 2 551 4 282 12 123 
300 3 282 5 227 13 69 
0 4 227 6 208 14 19 
0 5 208 7 1 15 208 
0 6 1 8 1 16 1 
0 7 1 9 1 17 1 
100 8 1 1 35 18 66 
0 11 173 18 173 
500 10 173 12 463 20 1475 2 800 
700 11 463 13 104 21 156 3 123 
0 12 104 14 58 4 69 22 76 
0 13 58 15 13 5 19 23 64 
0 14 13 16 1 24 221 6 208 
0 15 1 17 1 25 1 7 1 
0 16 1 18 1 8 1 26 1 
500 17 1 10 173 9 66 27 384 
0 20 802 27 806 
400 19 802 21 493 29 1046 11 1475 
500 20 493 22 235 30 123 12 156 
400 21 235 23 153 13 76 31 47 
0 22 153 24 27 14 64 32 190 
0 23 27 25 79 33 194 15 221 
200 24 79 26 135 34 63 16 1 
300 25 135 27 301 17 1 35 48 
200 26 301 19 806 18 384 36 1250 
0 29 1 36 1 
0 28 1 30 1 38 1046 20 1046 
0 29 1 31 1 39 123 21 123 
0 30 1 32 1 22 47 40 47 
0 31 1 33 11 23 190 41 179 
0 32 11 34 19 42 186 24 194 
0 33 19 35 32 43 66 25 63 
300 34 32 36 209 26 48 44 91 
600 35 209 28 1 27 1250 45 1257 
0 38 586 45 676 46 1198 
100 37 586 39 1 47 486 29 1046 
0 38 1 40 1 48 123 30 123 
0 39 1 41 19 31 47 49 66 
0 40 19 42 160 32 179 
0 41 160 43 202 51 183 33 186 
300 42 202 44 301 52 29 34 66 
700 43 301 45 596 35 91 53 176 
500 44 596 37 676 36 1257 54 432 
0 47 258 54 494 55 902 37 1198 
500 46 258 48 1 56 372 38 486 
0 47 1 49 1 39 123 57 123 
0 48 1 50 1 40 66 58 66 
0 49 1 51 1 
0 50 1 52 44 60 139 42 183 
0 51 44 53 44 61 29 43 29 
700 52 44 54 499 44 176 62 101 
300 53 499 46 494 45 432 63 255 
0 56 356 63 293 64 346 46 902 
100 55 356 57 463 65 263 47 372 
700 56 463 58 104 48 123 66 1 
0 57 104 59 58 49 66 67 22 
0 58 58 60 58 
0 59 58 61 127 69 6 51 139 
400 60 127 62 259 70 1 52 29 
100 61 259 63 251 53 101 71 20 
300 62 251 55 293 54 255 72 121 
100 65 310 72 57 55 346 
600 64 310 66 22 56 263 
0 65 22 67 22 57 1 
0 66 22 68 1 58 22 
0 67 1 69 1 
0 68 1 70 6 60 6 
0 69 6 71 6 61 1 
100 70 6 72 75 62 20 
0 71 75 64 57 63 121 
