72 127 011
0 2 30 9 30 
500 1 30 3 628 11 1055 
700 2 628 4 239 12 97 
300 3 239 5 175 13 57 
0 4 175 6 175 14 1 
0 5 175 7 1 15 175 
0 6 1 8 1 16 1 
0 7 1 9 1 17 1 
100 8 1 1 30 18 70 
0 11 148 18 148 
500 10 148 12 281 20 1569 2 1055 
400 11 281 13 57 21 113 3 97 
0 12 57 14 40 4 57 22 54 
0 13 40 15 17 5 1 23 24 
0 14 17 16 1 24 192 6 175 
0 15 1 17 1 25 1 7 1 
0 16 1 18 1 8 1 26 1 
500 17 1 10 148 9 70 27 414 
0 20 1384 27 1384 
400 19 1384 21 432 29 577 11 1569 
500 20 432 22 153 30 95 12 113 
200 21 153 23 119 13 54 31 39 
0 22 119 24 34 14 24 32 108 
0 23 34 25 132 33 154 15 192 
500 24 132 26 266 34 143 16 1 
300 25 266 27 428 17 1 35 72 
200 26 428 19 1384 18 414 36 1911 
0 29 42 36 41 
100 28 42 30 1 38 576 20 577 
0 29 1 31 1 39 95 21 95 
0 30 1 32 1 22 39 40 39 
0 31 1 33 108 23 108 
0 32 108 34 25 42 237 24 154 
0 33 25 35 65 43 133 25 143 
600 34 65 36 400 26 72 44 175 
600 35 400 28 41 27 1911 45 1938 
0 38 188 45 753 46 872 
100 37 188 39 1 47 428 29 576 
0 38 1 40 1 48 95 30 95 
0 39 1 41 1 31 39 49 39 
0 40 1 42 1 
0 41 1 43 101 51 172 33 237 
300 42 101 44 295 52 27 34 133 
700 43 295 45 600 35 175 53 308 
300 44 600 37 753 36 1938 54 1028 
300 47 288 54 136 55 678 37 872 
500 46 288 48 1 56 327 38 428 
0 47 1 49 1 39 95 57 95 
0 48 1 50 1 40 39 58 39 
0 49 1 51 1 
0 50 1 52 29 60 143 42 172 
0 51 29 53 29 61 27 43 27 
700 52 29 54 465 44 308 62 226 
300 53 465 46 136 45 1028 63 659 
0 56 332 63 163 64 302 46 678 
0 55 332 57 492 65 239 47 327 
700 56 492 58 103 48 95 66 1 
0 57 103 59 72 49 39 67 10 
0 58 72 60 72 
0 59 72 61 116 69 4 51 143 
400 60 116 62 300 70 1 52 27 
500 61 300 63 508 53 226 71 22 
300 62 508 55 163 54 659 72 202 
100 65 345 72 137 55 302 
600 64 345 66 10 56 239 
0 65 10 67 10 57 1 
0 66 10 68 1 58 10 
0 67 1 69 1 
0 68 1 70 4 60 4 
0 69 4 71 4 61 1 
100 70 4 72 75 62 22 
0 71 75 64 137 63 202 
