72 128 011
0 2 29 9 30 
500 1 29 3 613 11 1039 
700 2 613 4 224 12 97 
300 3 224 5 175 13 72 
0 4 175 6 50 14 125 
0 5 50 7 1 15 50 
0 6 1 8 1 16 1 
0 7 1 9 1 17 1 
100 8 1 1 30 18 71 
0 11 467 18 468 
500 10 467 12 281 20 1141 2 1039 
400 11 281 13 57 21 113 3 97 
0 12 57 14 40 4 72 22 69 
0 13 40 15 1 5 125 23 165 
0 14 1 16 1 24 50 6 50 
0 15 1 17 1 25 1 7 1 
0 16 1 18 1 8 1 26 1 
500 17 1 10 468 9 71 27 827 
0 20 207 27 205 
400 19 207 21 425 29 1414 11 1141 
500 20 425 22 146 30 95 12 113 
200 21 146 23 117 13 69 31 62 
0 22 117 24 51 14 165 32 231 
0 23 51 25 132 33 30 15 50 
500 24 132 26 266 34 143 16 1 
300 25 266 27 451 17 1 35 50 
200 26 451 19 205 18 827 36 1076 
0 29 1192 36 563 37 1709 
100 28 1192 30 1 38 263 20 1414 
0 29 1 31 1 39 95 21 95 
0 30 1 32 1 22 62 40 62 
0 31 1 33 231 23 231 
0 32 231 34 25 42 236 24 30 
0 33 25 35 131 43 37 25 143 
600 34 131 36 400 26 50 44 249 
600 35 400 28 563 27 1076 45 544 
0 38 57 45 438 46 1571 28 1709 
100 37 57 39 1 47 247 29 263 
0 38 1 40 1 48 95 30 95 
0 39 1 41 1 31 62 49 62 
0 40 1 42 1 
0 41 1 43 101 51 171 33 236 
300 42 101 44 229 52 27 34 37 
700 43 229 45 600 35 249 53 285 
200 44 600 37 438 36 544 54 538 
300 47 287 54 750 55 656 37 1571 
500 46 287 48 8 56 154 38 247 
0 47 8 49 8 39 95 57 95 
0 48 8 50 48 40 62 58 101 
0 49 48 51 48 
0 50 48 52 29 60 94 42 171 
0 51 29 53 29 61 27 43 27 
700 52 29 54 465 44 285 62 203 
300 53 465 46 750 45 538 63 920 
100 56 332 63 134 64 388 46 656 
0 55 332 57 492 65 67 47 154 
700 56 492 58 103 48 95 66 1 
0 57 103 59 24 49 101 67 25 
0 58 24 60 24 
0 59 24 61 116 69 2 51 94 
400 60 116 62 300 70 1 52 27 
500 61 300 63 531 53 203 71 22 
300 62 531 55 134 54 920 72 274 
100 65 503 72 208 55 388 
600 64 503 66 26 56 67 
0 65 26 67 26 57 1 
0 66 26 68 1 58 25 
0 67 1 69 1 
0 68 1 70 2 60 2 
0 69 2 71 2 61 1 
100 70 2 72 76 62 22 
0 71 76 64 208 63 274 
