72 126 011
0 2 35 9 36 
500 1 35 3 422 11 836 
400 2 422 4 211 12 48 
300 3 211 5 168 13 63 
0 4 168 6 1 14 168 
0 5 1 7 1 15 1 
0 6 1 8 1 16 1 
0 7 1 9 1 17 1 
200 8 1 1 36 18 165 
0 11 728 18 726 
500 10 728 12 291 20 680 2 836 
400 11 291 13 80 21 68 3 48 
0 12 80 14 63 4 63 22 59 
0 13 63 15 1 5 168 23 231 
0 14 1 16 1 24 1 6 1 
0 15 1 17 1 25 1 7 1 
0 16 1 18 1 8 1 26 1 
500 17 1 10 726 9 165 27 1193 
0 20 176 27 176 
500 19 176 21 439 29 1063 11 680 
500 20 439 22 176 30 56 12 68 
200 21 176 23 146 13 59 31 57 
0 22 146 24 377 14 231 
0 23 377 25 107 33 331 15 1 
500 24 107 26 272 34 121 16 1 
0 25 272 27 272 17 1 35 1 
200 26 272 19 176 18 1193 36 1354 
0 29 877 36 556 37 1394 
100 28 877 30 1 38 234 20 1063 
0 29 1 31 1 39 56 21 56 
0 30 1 32 1 22 57 40 57 
0 31 1 33 1 
0 32 1 34 35 42 316 24 331 
0 33 35 35 117 43 39 25 121 
600 34 117 36 391 26 1 44 202 
100 35 391 28 556 27 1354 45 817 
400 38 58 45 270 46 1355 28 1394 
100 37 58 39 3 47 219 29 234 
0 38 3 40 3 48 56 30 56 
0 39 3 41 1 31 57 49 57 
0 40 1 42 1 
0 41 1 43 148 51 252 33 316 
500 42 148 44 395 52 34 34 39 
700 43 395 45 706 35 202 53 259 
200 44 706 37 270 36 817 54 755 
300 47 292 54 371 55 836 37 1355 
500 46 292 48 17 56 125 38 219 
0 47 17 49 17 39 56 57 56 
0 48 17 50 43 40 57 58 100 
0 49 43 51 43 
0 50 43 52 35 60 194 42 252 
0 51 35 53 35 61 34 43 34 
600 52 35 54 391 44 259 62 192 
300 53 391 46 371 45 755 63 808 
100 56 232 63 472 64 1062 46 836 
0 55 232 57 353 65 57 47 125 
500 56 353 58 91 48 56 66 1 
0 57 91 59 47 49 100 67 35 
0 58 47 60 47 
200 59 47 61 165 69 6 51 194 
400 60 165 62 360 70 1 52 34 
500 61 360 63 607 53 192 71 46 
0 62 607 55 472 54 808 
600 65 500 72 52 55 1062 
600 64 500 66 37 56 57 
0 65 37 67 37 57 1 
0 66 37 68 1 58 35 
0 67 1 69 1 
0 68 1 70 6 60 6 
0 69 6 71 6 61 1 
100 70 6 72 50 62 46 
0 71 50 64 52 
