72 128 011
0 2 112 9 112 
500 1 112 3 414 11 723 
400 2 414 4 200 12 47 
300 3 200 5 165 13 74 
0 4 165 6 1 14 165 
0 5 1 7 1 15 1 
0 6 1 8 1 16 1 
0 7 1 9 1 17 1 
200 8 1 1 112 18 272 
0 11 89 18 90 
500 10 89 12 298 20 1260 2 723 
400 11 298 13 57 21 67 3 47 
0 12 57 14 40 4 74 22 71 
0 13 40 15 1 5 165 23 205 
0 14 1 16 1 24 1 6 1 
0 15 1 17 1 25 1 7 1 
0 16 1 18 1 8 1 26 1 
500 17 1 10 90 9 272 27 637 
0 20 1707 27 491 28 1968 
500 19 1707 21 470 29 171 11 1260 
500 20 470 22 170 30 55 12 67 
200 21 170 23 99 13 71 31 70 
0 22 99 24 304 14 205 
0 23 304 25 84 33 237 15 1 
500 24 84 26 377 34 38 16 1 
0 25 377 27 297 17 1 35 81 
200 26 297 19 491 18 637 36 391 
0 29 66 36 331 37 1875 19 1968 
100 28 66 30 2 38 154 20 171 
0 29 2 31 2 39 55 21 55 
0 30 2 32 1 22 70 40 68 
0 31 1 33 1 
0 32 1 34 35 42 222 24 237 
0 33 35 35 35 43 38 25 38 
600 34 35 36 395 26 81 44 199 
300 35 395 28 331 27 391 45 561 
400 38 59 45 944 46 960 28 1875 
100 37 59 39 3 47 140 29 154 
0 38 3 40 3 48 55 30 55 
0 39 3 41 21 31 68 49 89 
0 40 21 42 21 
0 41 21 43 146 51 138 33 222 
500 42 146 44 397 52 34 34 38 
700 43 397 45 715 35 199 53 255 
200 44 715 37 944 36 561 54 1345 
300 47 296 54 221 55 771 37 960 
500 46 296 48 30 56 60 38 140 
0 47 30 49 30 39 55 57 55 
0 48 30 50 1 40 89 58 77 
0 49 1 51 1 
0 50 1 52 25 60 133 42 138 
0 51 25 53 25 61 34 43 34 
600 52 25 54 405 44 255 62 188 
300 53 405 46 221 45 1345 63 1038 
100 56 322 63 602 64 1035 46 771 
0 55 322 57 351 65 30 47 60 
500 56 351 58 68 48 55 66 25 
0 57 68 59 36 49 77 67 25 
0 58 36 60 46 68 10 
200 59 46 61 148 69 1 51 133 
400 60 148 62 407 70 1 52 34 
500 61 407 63 701 53 188 71 81 
0 62 701 55 602 54 1038 
600 65 502 72 22 55 1035 
600 64 502 66 62 56 30 
0 65 62 67 36 57 25 
0 66 36 68 10 58 25 
0 67 10 69 1 59 10 
0 68 1 70 1 60 1 
0 69 1 71 1 61 1 
100 70 1 72 21 62 81 
0 71 21 64 22 
