72 126 011
0 2 197 9 197 
500 1 197 3 298 11 547 
400 2 298 4 76 12 46 
0 3 76 5 68 13 7 
0 4 68 6 1 14 68 
0 5 1 7 1 15 1 
0 6 1 8 1 16 1 
0 7 1 9 1 17 1 
200 8 1 1 197 18 365 
0 11 141 18 142 
600 10 141 12 300 20 1108 2 547 
400 11 300 13 77 21 63 3 46 
0 12 77 14 70 4 7 22 14 
0 13 70 15 139 5 68 
0 14 139 16 17 24 157 6 1 
0 15 17 17 39 25 22 7 1 
500 16 39 18 394 8 1 26 66 
500 17 394 10 142 9 365 27 951 
0 20 1525 27 623 28 1874 
500 19 1525 21 409 29 148 11 1108 
400 20 409 22 151 30 53 12 63 
200 21 151 23 78 13 14 31 43 
0 22 78 24 78 
0 23 78 25 92 33 187 15 157 
500 24 92 26 341 34 44 16 22 
0 25 341 27 248 17 66 35 159 
100 26 248 19 623 18 951 36 453 
300 29 66 36 219 37 1794 19 1874 
100 28 66 30 3 38 132 20 148 
0 29 3 31 3 39 53 21 53 
0 30 3 32 1 22 43 40 43 
0 31 1 33 1 
0 32 1 34 21 42 187 24 187 
0 33 21 35 21 43 44 25 44 
600 34 21 36 391 26 159 44 240 
300 35 391 28 219 27 453 45 569 
400 38 1 45 500 46 1265 28 1794 
0 37 1 39 1 47 132 29 132 
0 38 1 40 1 48 53 30 53 
0 39 1 41 44 31 43 49 87 
0 40 44 42 44 
0 41 44 43 106 51 113 33 187 
500 42 106 44 377 52 44 34 44 
400 43 377 45 504 35 240 53 239 
200 44 504 37 500 36 569 54 876 
300 47 317 54 528 55 1506 37 1265 
500 46 317 48 18 56 40 38 132 
0 47 18 49 18 39 53 57 53 
0 48 18 50 1 40 87 58 88 
0 49 1 51 1 
0 50 1 52 33 60 146 42 113 
0 51 33 53 33 61 44 43 44 
600 52 33 54 610 44 239 62 344 
0 53 610 46 528 45 876 
200 56 322 63 520 64 827 46 1506 
0 55 322 57 349 65 13 47 40 
500 56 349 58 84 48 53 66 13 
0 57 84 59 61 49 88 67 5 
0 58 61 60 66 68 5 
200 59 66 61 123 69 1 51 146 
500 60 123 62 429 70 1 52 44 
500 61 429 63 522 53 344 71 1 
0 62 522 55 520 
600 65 267 72 1 55 827 
300 64 267 66 23 56 13 
0 65 23 67 10 57 13 
0 66 10 68 5 58 5 
0 67 5 69 1 59 5 
0 68 1 70 1 60 1 
0 69 1 71 1 61 1 
0 70 1 72 1 62 1 
0 71 1 64 1 
