72 128 011
0 2 1 9 1 10 1 
400 1 1 3 113 11 439 
0 2 113 4 113 
500 3 113 5 374 13 691 
400 4 374 6 158 14 47 
200 5 158 7 131 15 56 
0 6 131 8 1 16 131 
0 7 1 9 1 17 1 
0 8 1 1 1 18 1 
0 11 1 18 1 1 1 19 1 
500 10 1 12 96 2 439 20 775 
0 11 96 13 96 
500 12 96 14 299 4 691 22 1232 
400 13 299 15 57 5 47 23 67 
0 14 57 16 40 6 56 24 59 
0 15 40 17 1 7 131 25 171 
0 16 1 18 1 8 1 26 1 
0 17 1 10 1 9 1 27 1 
0 20 294 27 378 10 1 28 84 
100 19 294 21 519 11 775 29 434 
0 20 519 22 1721 30 1975 
500 21 1721 23 522 13 1232 31 168 
500 22 522 24 220 14 67 32 54 
300 23 220 25 122 15 59 33 71 
0 24 122 26 293 16 171 
0 25 293 27 83 17 1 35 226 
500 26 83 19 378 18 1 36 38 
600 29 392 36 36 19 84 37 206 
300 28 392 30 323 20 434 38 598 
0 29 323 31 66 39 1875 21 1975 
100 30 66 32 2 22 168 40 151 
0 31 2 33 2 23 54 41 54 
0 32 2 34 1 24 71 42 68 
0 33 1 35 1 
0 34 1 36 35 26 226 44 212 
0 35 35 28 36 27 38 45 38 
700 38 709 45 399 28 206 46 272 
200 37 709 39 954 29 598 47 1387 
300 38 954 40 60 48 952 30 1875 
100 39 60 41 4 31 151 49 139 
0 40 4 42 4 32 54 50 54 
0 41 4 43 21 33 68 51 89 
0 42 21 44 21 
0 43 21 45 144 35 212 53 128 
500 44 144 37 399 36 38 54 34 
700 47 479 54 24 37 272 55 196 
300 46 479 48 227 38 1387 56 1051 
300 47 227 49 298 39 952 57 765 
500 48 298 50 29 40 139 58 59 
0 49 29 51 29 41 54 59 54 
0 50 29 52 1 42 89 60 76 
0 51 1 53 1 
0 52 1 54 23 44 128 62 129 
0 53 23 46 24 45 34 63 34 
500 56 701 63 406 46 196 64 81 
0 55 701 57 611 47 1051 
100 56 611 58 323 48 765 66 1037 
0 57 323 59 353 49 59 67 30 
500 58 353 60 67 50 54 68 25 
0 59 67 61 35 51 76 69 25 
0 60 35 62 45 70 10 
200 61 45 63 142 53 129 71 1 
400 62 142 55 406 54 34 72 1 
100 65 21 72 1 55 81 
0 64 21 66 21 
600 65 21 67 503 57 1037 
600 66 503 68 61 58 30 
0 67 61 69 36 59 25 
0 68 36 70 10 60 25 
0 69 10 71 1 61 10 
0 70 1 72 1 62 1 
0 71 1 64 1 63 1 
