72 128 011
0 2 95 9 95 
500 1 95 3 307 11 675 
400 2 307 4 67 12 28 
0 3 67 5 42 13 25 
0 4 42 6 1 14 42 
0 5 1 7 1 15 1 
0 6 1 8 1 16 1 
0 7 1 9 1 17 1 
200 8 1 1 95 18 264 
0 11 1259 18 551 19 1604 
600 10 1259 12 344 20 140 2 675 
400 11 344 13 51 21 46 3 28 
0 12 51 14 18 4 25 22 58 
0 13 18 15 60 5 42 
0 14 60 16 17 24 77 6 1 
0 15 17 17 17 25 1 7 1 
500 16 17 18 394 8 1 26 88 
500 17 394 10 551 9 264 27 368 
0 20 629 27 139 28 1962 10 1604 
500 19 629 21 372 29 64 11 140 
400 20 372 22 149 30 35 12 46 
200 21 149 23 78 13 58 31 103 
0 22 78 24 78 
0 23 78 25 92 33 108 15 77 
500 24 92 26 363 34 44 16 1 
0 25 363 27 248 17 88 35 159 
100 26 248 19 139 18 368 36 486 
300 29 63 36 1006 37 1029 19 1962 
100 28 63 30 3 38 51 20 64 
0 29 3 31 3 39 35 21 35 
0 30 3 32 1 22 103 40 103 
0 31 1 33 1 
0 32 1 34 21 42 108 24 108 
0 33 21 35 21 43 44 25 44 
600 34 21 36 391 26 159 44 240 
300 35 391 28 1006 27 486 45 1453 
400 38 1 45 91 46 972 28 1029 
0 37 1 39 1 47 51 29 51 
0 38 1 40 1 48 35 30 35 
0 39 1 41 1 31 103 49 103 
0 40 1 42 1 
0 41 1 43 88 51 96 33 108 
500 42 88 44 394 52 44 34 44 
400 43 394 45 522 35 240 53 239 
200 44 522 37 91 36 1453 54 1270 
300 47 401 54 632 55 1233 37 972 
500 46 401 48 44 56 16 38 51 
0 47 44 49 18 39 35 57 61 
0 48 18 50 72 40 103 58 31 
0 49 72 51 44 59 116 
0 50 44 52 1 60 51 42 96 
0 51 1 53 1 61 44 43 44 
600 52 1 54 900 44 239 62 667 
0 53 900 46 632 45 1270 
200 56 322 63 251 64 825 46 1233 
0 55 322 57 322 65 16 47 16 
500 56 322 58 102 48 61 66 13 
0 57 102 59 75 49 31 67 5 
0 58 75 60 108 68 5 50 116 
200 59 108 61 157 69 1 51 51 
500 60 157 62 498 70 1 52 44 
500 61 498 63 252 53 667 71 1 
0 62 252 55 251 
600 65 265 72 1 55 825 
300 64 265 66 23 56 16 
0 65 23 67 10 57 13 
0 66 10 68 5 58 5 
0 67 5 69 1 59 5 
0 68 1 70 1 60 1 
0 69 1 71 1 61 1 
0 70 1 72 1 62 1 
0 71 1 64 1 
