72 126 011
0 2 68 9 68 
400 1 68 3 292 11 595 
400 2 292 4 96 12 14 
0 3 96 5 55 13 41 
0 4 55 6 55 
0 5 55 7 1 15 55 
0 6 1 8 1 16 1 
0 7 1 9 1 17 1 
200 8 1 1 68 18 241 
0 11 999 18 464 19 1357 
600 10 999 12 17 20 95 2 595 
0 11 17 13 17 21 14 3 14 
0 12 17 14 1 4 41 22 58 
0 13 1 15 1 
0 14 1 16 8 24 63 6 55 
0 15 8 17 8 25 1 7 1 
500 16 8 18 306 8 1 26 185 
300 17 306 10 464 9 241 27 224 
300 20 615 27 151 28 1839 10 1357 
500 19 615 21 301 29 39 11 95 
400 20 301 22 87 30 17 12 14 
0 21 87 23 24 13 58 31 122 
0 22 24 24 24 
0 23 24 25 90 33 82 15 63 
700 24 90 26 522 34 86 16 1 
0 25 522 27 356 17 185 35 290 
100 26 356 19 151 18 224 36 438 
300 29 1 36 463 37 1451 19 1839 
0 28 1 30 1 38 39 20 39 
0 29 1 31 1 39 17 21 17 
0 30 1 32 30 22 122 40 152 
0 31 30 33 30 
0 32 30 34 13 42 66 24 82 
0 33 13 35 13 43 86 25 86 
800 34 13 36 503 26 290 44 405 
300 35 503 28 463 27 438 45 935 
400 38 1 45 742 46 2141 28 1451 
0 37 1 39 1 47 39 29 39 
0 38 1 40 1 48 17 30 17 
0 39 1 41 17 31 152 49 135 
0 40 17 42 17 
0 41 17 43 64 51 79 33 66 
500 42 64 44 366 52 94 34 86 
400 43 366 45 655 35 405 53 552 
0 44 655 37 742 36 935 
500 47 405 54 487 55 1662 37 2141 
500 46 405 48 30 56 26 38 39 
0 47 30 49 9 39 17 57 39 
0 48 9 50 96 40 135 58 48 
0 49 96 51 52 59 121 
0 50 52 52 51 60 51 42 79 
400 51 51 53 291 61 69 43 94 
600 52 291 54 491 44 552 62 337 
0 53 491 46 487 
200 56 585 63 462 64 829 46 1662 
300 55 585 57 336 65 21 47 26 
500 56 336 58 121 48 39 66 13 
0 57 121 59 74 49 48 67 1 
0 58 74 60 123 68 5 50 121 
200 59 123 61 141 69 1 51 51 
500 60 141 62 444 70 1 52 69 
400 61 444 63 462 53 337 71 1 
0 62 462 55 462 
600 65 266 72 1 55 829 
300 64 266 66 18 56 21 
0 65 18 67 5 57 13 
0 66 5 68 5 58 1 
0 67 5 69 1 59 5 
0 68 1 70 1 60 1 
0 69 1 71 1 61 1 
0 70 1 72 1 62 1 
0 71 1 64 1 
