72 128 011
0 2 600 9 106 10 673 
400 1 600 3 329 11 90 
400 2 329 4 72 12 14 
0 3 72 5 24 13 48 
0 4 24 6 24 
0 5 24 7 1 15 24 
0 6 1 8 1 16 1 
0 7 1 9 1 17 1 
200 8 1 1 106 18 97 
0 11 495 18 201 19 1158 1 673 
600 10 495 12 11 20 96 2 90 
0 11 11 13 11 21 14 3 14 
0 12 11 14 1 4 48 22 59 
0 13 1 15 1 
0 14 1 16 8 24 33 6 24 
0 15 8 17 8 25 1 7 1 
500 16 8 18 304 8 1 26 187 
300 17 304 10 201 9 97 27 447 
300 20 557 27 776 28 913 10 1158 
500 19 557 21 290 29 84 11 96 
400 20 290 22 98 30 17 12 14 
0 21 98 23 24 13 59 31 133 
0 22 24 24 24 
0 23 24 25 91 33 52 15 33 
700 24 91 26 520 34 87 16 1 
0 25 520 27 353 17 187 35 293 
100 26 353 19 776 18 447 36 1322 
300 29 1 36 72 37 955 19 913 
0 28 1 30 1 38 84 20 84 
0 29 1 31 1 39 17 21 17 
0 30 1 32 1 22 133 40 133 
0 31 1 33 1 
0 32 1 34 1 42 52 24 52 
0 33 1 35 1 43 87 25 87 
800 34 1 36 500 26 293 44 423 
300 35 500 28 72 27 1322 45 1376 
300 38 1 45 932 46 1849 28 955 
0 37 1 39 22 47 62 29 84 
0 38 22 40 1 48 39 30 17 
0 39 1 41 105 31 133 49 28 
0 40 105 42 82 50 154 
0 41 82 43 60 51 30 33 52 
500 42 60 44 370 52 95 34 87 
400 43 370 45 870 35 423 53 783 
0 44 870 37 932 36 1376 
500 47 404 54 285 55 1582 37 1849 
500 46 404 48 30 56 49 38 62 
0 47 30 49 9 39 39 57 61 
0 48 9 50 9 40 28 58 28 
0 49 9 51 31 59 166 41 154 
0 50 31 52 38 60 37 42 30 
400 51 38 53 303 61 70 43 95 
600 52 303 54 288 44 783 62 354 
0 53 288 46 285 
200 56 538 63 376 64 724 46 1582 
300 55 538 57 313 65 21 47 49 
500 56 313 58 123 48 61 66 13 
0 57 123 59 123 49 28 67 28 
0 58 123 60 124 68 1 50 166 
200 59 124 61 155 69 1 51 37 
500 60 155 62 455 70 1 52 70 
400 61 455 63 376 53 354 71 80 
0 62 376 55 376 
600 65 242 72 81 55 724 
300 64 242 66 41 56 21 
0 65 41 67 28 57 13 
0 66 28 68 1 58 28 
0 67 1 69 1 59 1 
0 68 1 70 1 60 1 
0 69 1 71 1 61 1 
0 70 1 72 80 62 80 
0 71 80 64 81 
