72 127 011
0 2 652 9 149 10 748 
400 1 652 3 391 11 74 
500 2 391 4 119 12 19 
0 3 119 5 33 13 86 
0 4 33 6 33 
0 5 33 7 1 15 33 
0 6 1 8 1 16 1 
0 7 1 9 1 17 1 
300 8 1 1 149 18 153 
200 11 491 18 187 19 1276 1 748 
600 10 491 12 23 20 52 2 74 
0 11 23 13 23 21 19 3 19 
0 12 23 14 1 4 86 22 109 
0 13 1 15 1 
0 14 1 16 19 24 52 6 33 
0 15 19 17 19 25 1 7 1 
500 16 19 18 283 8 1 26 198 
300 17 283 10 187 9 153 27 476 
300 20 300 27 339 28 1226 10 1276 
100 19 300 21 267 29 5 11 52 
400 20 267 22 105 30 19 12 19 
0 21 105 23 26 13 109 31 187 
0 22 26 24 26 
0 23 26 25 98 33 59 15 52 
700 24 98 26 512 34 88 16 1 
100 25 512 27 384 17 198 35 336 
100 26 384 19 339 18 476 36 869 
300 29 1 36 645 37 1882 19 1226 
0 28 1 30 1 38 5 20 5 
0 29 1 31 1 39 19 21 19 
0 30 1 32 1 22 187 40 187 
0 31 1 33 1 
0 32 1 34 1 42 59 24 59 
0 33 1 35 1 43 88 25 88 
800 34 1 36 663 26 336 44 664 
0 35 663 28 645 27 869 
200 38 1 45 365 46 1818 28 1882 
0 37 1 39 2 47 3 29 5 
0 38 2 40 1 48 21 30 19 
0 39 1 41 166 31 187 49 21 
0 40 166 42 46 50 184 
0 41 46 43 48 51 61 33 59 
400 42 48 44 292 52 94 34 88 
400 43 292 45 363 35 664 53 594 
0 44 363 37 365 
500 47 1 54 312 55 1487 37 1818 
0 46 1 48 1 56 3 38 3 
0 47 1 49 1 39 21 57 21 
0 48 1 50 1 40 21 58 21 
0 49 1 51 41 59 157 41 184 
0 50 41 52 56 60 76 42 61 
400 51 56 53 284 61 71 43 94 
500 52 284 54 314 44 594 62 499 
0 53 314 46 312 
200 56 396 63 365 64 770 46 1487 
300 55 396 57 158 65 8 47 3 
200 56 158 58 64 48 21 66 6 
0 57 64 59 77 49 21 67 34 
0 58 77 60 156 68 1 50 157 
400 59 156 61 272 69 1 51 76 
500 60 272 62 560 70 1 52 71 
400 61 560 63 367 53 499 71 216 
0 62 367 55 365 
800 65 258 72 221 55 770 
300 64 258 66 39 56 8 
0 65 39 67 33 57 6 
0 66 33 68 1 58 34 
0 67 1 69 1 59 1 
0 68 1 70 1 60 1 
0 69 1 71 1 61 1 
0 70 1 72 216 62 216 
0 71 216 64 221 
