72 128 011
0 2 617 9 71 10 634 
400 1 617 3 357 11 75 
500 2 357 4 153 12 19 
0 3 153 5 33 13 120 
0 4 33 6 33 
0 5 33 7 1 15 33 
0 6 1 8 1 16 1 
0 7 1 9 1 17 1 
300 8 1 1 71 18 230 
200 11 479 18 481 19 736 1 634 
600 10 479 12 35 20 52 2 75 
0 11 35 13 35 21 19 3 19 
0 12 35 14 1 4 120 22 154 
0 13 1 15 1 
0 14 1 16 1 24 33 6 33 
0 15 1 17 1 25 1 7 1 
500 16 1 18 281 8 1 26 219 
300 17 281 10 481 9 230 27 960 
300 20 298 27 161 28 981 10 736 
100 19 298 21 268 29 3 11 52 
400 20 268 22 126 30 1 12 19 
0 21 126 23 26 13 154 31 254 
0 22 26 24 26 
0 23 26 25 119 33 61 15 33 
700 24 119 26 489 34 88 16 1 
100 25 489 27 360 17 219 35 359 
100 26 360 19 161 18 960 36 1026 
200 29 1 36 670 37 1657 19 981 
0 28 1 30 1 38 3 20 3 
0 29 1 31 1 39 1 21 1 
0 30 1 32 187 22 254 40 67 
0 31 187 33 47 41 237 
0 32 47 34 15 42 27 24 61 
0 33 15 35 15 43 88 25 88 
800 34 15 36 755 26 359 44 800 
0 35 755 28 670 27 1026 
200 38 1 45 157 46 1659 28 1657 
0 37 1 39 1 47 3 29 3 
0 38 1 40 1 48 1 30 1 
0 39 1 41 1 31 67 49 67 
0 40 1 42 53 50 221 32 237 
0 41 53 43 68 51 42 33 27 
400 42 68 44 272 52 95 34 88 
400 43 272 45 158 35 800 53 691 
0 44 158 37 157 
500 47 1 54 554 55 987 37 1659 
0 46 1 48 1 56 3 38 3 
0 47 1 49 1 39 1 57 1 
0 48 1 50 73 40 67 58 143 
0 49 73 51 42 59 119 41 221 
0 50 42 52 57 60 57 42 42 
400 51 57 53 283 61 72 43 95 
500 52 283 54 556 44 691 62 946 
0 53 556 46 554 
200 56 368 63 108 64 660 46 987 
300 55 368 57 130 65 8 47 3 
200 56 130 58 111 48 1 66 6 
0 57 111 59 39 49 143 67 69 
0 58 39 60 158 68 1 50 119 
400 59 158 61 290 69 1 51 57 
500 60 290 62 576 70 1 52 72 
400 61 576 63 110 53 946 71 290 
0 62 110 55 108 
800 65 223 72 297 55 660 
300 64 223 66 73 56 8 
0 65 73 67 67 57 6 
0 66 67 68 1 58 69 
0 67 1 69 1 59 1 
0 68 1 70 1 60 1 
0 69 1 71 1 61 1 
0 70 1 72 290 62 290 
0 71 290 64 297 
