72 126 011
0 2 1 9 1 10 1 
400 1 1 3 204 11 543 
0 2 204 4 204 
500 3 204 5 300 13 543 
400 4 300 6 76 14 44 
0 5 76 7 66 15 10 
0 6 66 8 1 16 66 
0 7 1 9 1 17 1 
0 8 1 1 1 18 1 
500 11 381 18 42 1 1 19 76 
500 10 381 12 152 2 543 20 1078 
0 11 152 13 152 
600 12 152 14 302 4 543 22 1103 
400 13 302 15 77 5 44 23 61 
0 14 77 16 67 6 10 24 20 
0 15 67 17 133 7 66 
0 16 133 18 21 8 1 26 154 
0 17 21 10 42 9 1 27 21 
0 20 237 27 343 10 76 28 182 
100 19 237 21 646 11 1078 29 536 
0 20 646 22 1566 30 1890 
500 21 1566 23 458 13 1103 31 142 
400 22 458 24 200 14 61 32 50 
300 23 200 25 104 15 20 33 59 
0 24 104 26 104 
0 25 104 27 92 17 154 35 199 
500 26 92 19 343 18 21 36 42 
600 29 374 36 26 19 182 37 280 
300 28 374 30 198 20 536 38 643 
200 29 198 31 67 39 1796 21 1890 
100 30 67 32 4 22 142 40 127 
0 31 4 33 4 23 50 41 50 
0 32 4 34 1 24 59 42 58 
0 33 1 35 1 
0 34 1 36 25 26 199 44 195 
0 35 25 28 26 27 42 45 42 
700 38 678 45 394 28 280 46 291 
200 37 678 39 583 29 643 47 977 
300 38 583 40 1 48 1205 30 1796 
0 39 1 41 1 31 127 49 127 
0 40 1 42 1 32 50 50 50 
0 41 1 43 42 33 58 51 101 
0 42 42 44 42 
0 43 42 45 121 35 195 53 114 
500 44 121 37 394 36 42 54 42 
700 47 683 54 37 37 291 55 382 
0 46 683 48 593 38 977 
300 47 593 49 322 39 1205 57 1490 
500 48 322 50 21 40 127 58 38 
0 49 21 51 21 41 50 59 50 
0 50 21 52 1 42 101 60 97 
0 51 1 53 1 
0 52 1 54 36 44 114 62 151 
0 53 36 46 37 45 42 63 42 
500 56 484 63 425 46 382 64 1 
0 55 484 57 484 
200 56 484 58 326 48 1490 66 830 
0 57 326 59 352 49 38 67 13 
500 58 352 60 85 50 50 68 13 
0 59 85 61 64 51 97 69 8 
0 60 64 62 69 70 5 
200 61 69 63 119 53 151 71 1 
500 62 119 55 425 54 42 72 1 
0 65 1 72 1 55 1 
0 64 1 66 1 
600 65 1 67 267 57 830 
300 66 267 68 25 58 13 
0 67 25 69 12 59 13 
0 68 12 70 5 60 8 
0 69 5 71 1 61 5 
0 70 1 72 1 62 1 
0 71 1 64 1 63 1 
