72 126 011
400 2 595 9 62 10 914 
400 1 595 3 371 11 82 
500 2 371 4 170 12 19 
0 3 170 5 1 13 170 
0 4 1 6 1 
0 5 1 7 1 15 1 
0 6 1 8 1 16 1 
0 7 1 9 1 17 1 
300 8 1 1 62 18 239 
200 11 542 18 307 19 1183 1 914 
700 10 542 12 53 20 57 2 82 
0 11 53 13 53 21 19 3 19 
0 12 53 14 1 4 170 22 223 
0 13 1 15 1 
0 14 1 16 9 24 9 6 1 
0 15 9 17 9 25 1 7 1 
500 16 9 18 266 8 1 26 224 
300 17 266 10 307 9 239 27 713 
300 20 303 27 510 28 1845 10 1183 
100 19 303 21 280 29 3 11 57 
400 20 280 22 118 30 1 12 19 
0 21 118 23 98 13 223 31 244 
0 22 98 24 98 
200 23 98 25 168 33 122 15 9 
700 24 168 26 565 34 80 16 1 
100 25 565 27 638 17 224 35 603 
0 26 638 19 510 18 713 
0 29 1 36 385 37 1670 19 1845 
0 28 1 30 1 38 3 20 3 
0 29 1 31 1 39 1 21 1 
0 30 1 32 179 22 244 40 64 
0 31 179 33 75 41 206 
0 32 75 34 114 42 61 24 122 
300 33 114 35 259 43 85 25 80 
800 34 259 36 395 26 603 44 808 
0 35 395 28 385 
200 38 1 45 276 46 1449 28 1670 
0 37 1 39 1 47 3 29 3 
0 38 1 40 1 48 1 30 1 
0 39 1 41 1 31 64 49 64 
0 40 1 42 41 50 179 32 206 
0 41 41 43 63 51 69 33 61 
400 42 63 44 281 52 66 34 85 
500 43 281 45 277 35 808 53 827 
0 44 277 37 276 
500 47 1 54 568 55 700 37 1449 
0 46 1 48 1 56 3 38 3 
0 47 1 49 1 39 1 57 1 
0 48 1 50 65 40 64 58 131 
0 49 65 51 41 59 87 41 179 
0 50 41 52 63 60 76 42 69 
400 51 63 53 281 61 17 43 66 
500 52 281 54 565 44 827 62 1016 
0 53 565 46 568 
100 56 346 63 124 64 476 46 700 
300 55 346 57 154 65 1 47 3 
200 56 154 58 148 48 1 66 1 
0 57 148 59 20 49 131 
0 58 20 60 107 68 1 50 87 
400 59 107 61 242 69 1 51 76 
100 60 242 62 294 70 1 52 17 
400 61 294 63 126 53 1016 71 474 
0 62 126 55 124 
800 65 1 72 308 55 476 
0 64 1 66 1 56 1 
0 65 1 67 1 57 1 
0 66 1 68 1 
0 67 1 69 1 59 1 
0 68 1 70 1 60 1 
0 69 1 71 1 61 1 
200 70 1 72 299 62 474 
0 71 299 64 308 
