72 128 011
400 2 595 9 323 10 603 
400 1 595 3 371 11 82 
500 2 371 4 170 12 19 
0 3 170 5 1 13 170 
0 4 1 6 1 
0 5 1 7 1 15 1 
0 6 1 8 1 16 1 
0 7 1 9 1 17 1 
300 8 1 1 323 18 551 
200 11 542 18 165 19 1065 1 603 
700 10 542 12 53 20 57 2 82 
0 11 53 13 53 21 19 3 19 
0 12 53 14 1 4 170 22 223 
0 13 1 15 1 
0 14 1 16 18 24 19 6 1 
0 15 18 17 18 25 1 7 1 
500 16 18 18 257 8 1 26 224 
300 17 257 10 165 9 551 27 823 
300 20 320 27 392 28 1561 10 1065 
100 19 320 21 299 29 3 11 57 
400 20 299 22 167 30 1 12 19 
0 21 167 23 326 13 223 31 64 
0 22 326 24 212 32 343 
200 23 212 25 207 33 20 15 19 
700 24 207 26 565 34 80 16 1 
100 25 565 27 653 17 224 35 826 
0 26 653 19 392 18 823 
0 29 1 36 235 37 1471 19 1561 
0 28 1 30 1 38 3 20 3 
0 29 1 31 1 39 1 21 1 
0 30 1 32 1 22 64 40 64 
0 31 1 33 53 41 347 23 343 
0 32 53 34 70 42 26 24 20 
300 33 70 35 215 43 85 25 80 
800 34 215 36 240 26 826 44 902 
0 35 240 28 235 
200 38 1 45 600 46 842 28 1471 
0 37 1 39 1 47 3 29 3 
0 38 1 40 1 48 1 30 1 
0 39 1 41 114 31 64 49 180 
0 40 114 42 41 50 205 32 347 
0 41 41 43 63 51 33 33 26 
400 42 63 44 281 52 66 34 85 
500 43 281 45 600 35 902 53 1329 
0 44 600 37 600 
500 47 9 54 126 55 627 37 842 
0 46 9 48 9 56 3 38 3 
0 47 9 49 9 39 1 57 1 
0 48 9 50 7 40 180 58 178 
0 49 7 51 41 59 172 41 205 
0 50 41 52 63 60 41 42 33 
400 51 63 53 281 61 17 43 66 
500 52 281 54 125 44 1329 62 992 
0 53 125 46 126 
100 56 301 63 225 64 386 46 627 
300 55 301 57 148 65 1 47 3 
200 56 148 58 195 48 1 66 29 
0 57 195 59 20 49 178 
0 58 20 60 192 68 1 50 172 
400 59 192 61 224 69 1 51 41 
100 60 224 62 275 70 1 52 17 
400 61 275 63 493 53 992 71 110 
0 62 493 55 225 72 424 
800 65 31 72 369 55 386 
0 64 31 66 31 56 1 
0 65 31 67 1 57 29 
0 66 1 68 1 
0 67 1 69 1 59 1 
0 68 1 70 1 60 1 
0 69 1 71 1 61 1 
200 70 1 72 93 62 110 
0 71 93 64 369 63 424 
