72 126 011
400 2 769 9 128 10 967 
700 1 769 3 392 11 111 
500 2 392 4 229 12 18 
0 3 229 5 1 13 229 
0 4 1 6 1 
0 5 1 7 2 15 2 
0 6 2 8 2 16 1 
100 7 2 9 53 17 45 
300 8 53 1 128 18 364 
200 11 469 18 310 19 1679 1 967 
700 10 469 12 69 20 112 2 111 
0 11 69 13 69 21 18 3 18 
0 12 69 14 1 4 229 22 298 
0 13 1 15 1 
0 14 1 16 14 24 16 6 2 
0 15 14 17 14 25 1 7 1 
500 16 14 18 368 8 45 26 411 
0 17 368 10 310 9 364 
400 20 272 27 142 28 1855 10 1679 
100 19 272 21 268 29 50 11 112 
400 20 268 22 102 30 33 12 18 
0 21 102 23 335 13 298 31 65 
0 22 335 24 138 32 339 
200 23 138 25 147 33 37 15 16 
300 24 147 26 266 34 39 16 1 
100 25 266 27 139 17 411 35 564 
0 26 139 19 142 
0 29 1 36 263 37 1623 19 1855 
0 28 1 30 1 38 50 20 50 
0 29 1 31 1 39 33 21 33 
0 30 1 32 1 22 65 40 65 
0 31 1 33 29 41 320 23 339 
0 32 29 34 52 42 50 24 37 
300 33 52 35 209 43 63 25 39 
600 34 209 36 263 26 564 44 866 
0 35 263 28 263 
200 38 1 45 838 46 782 28 1623 
0 37 1 39 1 47 50 29 50 
0 38 1 40 1 48 33 30 33 
0 39 1 41 9 31 65 49 74 
0 40 9 42 127 50 246 32 320 
300 41 127 43 221 51 68 33 50 
400 42 221 44 432 52 70 34 63 
500 43 432 45 836 35 866 53 1595 
0 44 836 37 838 
500 47 9 54 181 55 659 37 782 
0 46 9 48 9 56 50 38 50 
0 47 9 49 73 39 33 57 98 
0 48 73 50 1 40 74 
0 49 1 51 68 59 203 41 246 
0 50 68 52 122 60 63 42 68 
700 51 122 53 505 61 15 43 70 
500 52 505 54 181 44 1595 62 1191 
0 53 181 46 181 
100 56 583 63 366 64 375 46 659 
700 55 583 57 233 65 1 47 50 
200 56 233 58 126 48 98 66 14 
0 57 126 59 126 
0 58 126 60 146 68 1 50 203 
400 59 146 61 221 69 1 51 63 
100 60 221 62 272 70 1 52 15 
300 61 272 63 703 53 1191 71 162 
0 62 703 55 366 72 488 
800 65 15 72 400 55 375 
0 64 15 66 15 56 1 
0 65 15 67 1 57 14 
0 66 1 68 1 
0 67 1 69 1 59 1 
0 68 1 70 1 60 1 
0 69 1 71 1 61 1 
200 70 1 72 41 62 162 
100 71 41 64 400 63 488 
