72 128 011
400 2 762 9 130 10 955 
700 1 762 3 391 11 113 
500 2 391 4 233 12 18 
0 3 233 5 1 13 233 
0 4 1 6 1 
0 5 1 7 4 15 3 
0 6 4 8 4 16 1 
100 7 4 9 45 17 51 
300 8 45 1 130 18 356 
200 11 420 18 261 19 1565 1 955 
700 10 420 12 167 20 62 2 113 
0 11 167 13 116 21 69 3 18 
0 12 116 14 282 4 233 22 66 
0 13 282 15 11 23 293 
0 14 11 16 9 24 2 6 3 
0 15 9 17 9 25 1 7 1 
500 16 9 18 325 8 51 26 460 
0 17 325 10 261 9 356 
400 20 268 27 127 28 1710 10 1565 
100 19 268 21 214 29 51 11 62 
400 20 214 22 104 30 34 12 69 
0 21 104 23 58 13 66 31 113 
0 22 58 24 118 32 332 14 293 
200 23 118 25 141 33 38 15 2 
300 24 141 26 295 34 40 16 1 
100 25 295 27 124 17 460 35 630 
0 26 124 19 127 
0 29 1 36 789 37 921 19 1710 
0 28 1 30 1 38 51 20 51 
0 29 1 31 1 39 34 21 34 
0 30 1 32 46 22 113 40 158 
0 31 46 33 29 41 267 23 332 
0 32 29 34 53 42 51 24 38 
300 33 53 35 207 43 64 25 40 
600 34 207 36 790 26 630 44 1475 
0 35 790 28 789 
200 38 1 45 58 46 889 28 921 
0 37 1 39 1 47 51 29 51 
0 38 1 40 1 48 34 30 34 
0 39 1 41 1 31 158 49 158 
0 40 1 42 129 50 201 32 267 
300 41 129 43 220 51 69 33 51 
400 42 220 44 427 52 71 34 64 
500 43 427 45 60 35 1475 53 1368 
0 44 60 37 58 
500 47 45 54 407 55 533 37 889 
0 46 45 48 45 56 51 38 51 
0 47 45 49 112 39 34 57 173 
0 48 112 50 46 40 158 
0 49 46 51 114 59 159 41 201 
0 50 114 52 147 60 36 42 69 
700 51 147 53 456 61 44 43 71 
500 52 456 54 846 44 1368 62 246 
0 53 846 46 407 63 920 
100 56 550 63 365 64 375 46 533 
700 55 550 57 168 65 1 47 51 
200 56 168 58 78 48 173 66 14 
0 57 78 59 78 
0 58 78 60 149 68 1 50 159 
400 59 149 61 240 69 1 51 36 
100 60 240 62 268 70 1 52 44 
300 61 268 63 298 53 246 71 1 
0 62 298 55 365 72 476 54 920 
800 65 15 72 400 55 375 
0 64 15 66 15 56 1 
0 65 15 67 1 57 14 
0 66 1 68 1 
0 67 1 69 1 59 1 
0 68 1 70 1 60 1 
0 69 1 71 1 61 1 
0 70 1 72 1 62 1 
100 71 1 64 400 63 476 
