72 126 011
400 2 650 9 41 10 1001 
700 1 650 3 236 11 121 
300 2 236 4 159 12 24 
0 3 159 5 1 13 159 
0 4 1 6 1 
0 5 1 7 1 15 1 
0 6 1 8 1 16 1 
100 7 1 9 39 17 61 
0 8 39 1 41 
500 11 466 18 180 19 1659 1 1001 
700 10 466 12 109 20 109 2 121 
0 11 109 13 58 21 75 3 24 
0 12 58 14 198 4 159 22 19 
0 13 198 15 1 23 198 
0 14 1 16 1 24 1 6 1 
0 15 1 17 1 25 1 7 1 
500 16 1 18 180 8 61 26 372 
0 17 180 10 180 
400 20 519 27 181 28 1861 10 1659 
500 19 519 21 259 29 76 11 109 
400 20 259 22 151 30 25 12 75 
0 21 151 23 38 13 19 31 132 
0 22 38 24 100 32 203 14 198 
200 23 100 25 134 33 43 15 1 
300 24 134 26 301 34 48 16 1 
200 25 301 27 176 17 372 35 604 
0 26 176 19 181 
0 29 1 36 1202 37 658 19 1861 
0 28 1 30 1 38 76 20 76 
0 29 1 31 1 39 25 21 25 
0 30 1 32 1 22 132 40 132 
0 31 1 33 19 41 184 23 203 
0 32 19 34 43 42 56 24 43 
300 33 43 35 207 43 82 25 48 
600 34 207 36 1200 26 604 44 1803 
0 35 1200 28 1202 
100 38 1 45 36 46 643 28 658 
0 37 1 39 1 47 76 29 76 
0 38 1 40 19 48 44 30 25 
0 39 19 41 114 31 132 
0 40 114 42 134 50 202 32 184 
300 41 134 43 213 51 57 33 56 
700 42 213 44 639 52 129 34 82 
500 43 639 45 37 35 1803 53 1552 
0 44 37 37 36 
500 47 1 54 325 55 448 37 643 
0 46 1 48 1 56 76 38 76 
0 47 1 49 1 39 44 57 44 
0 48 1 50 1 
0 49 1 51 44 59 159 41 202 
0 50 44 52 80 60 21 42 57 
700 51 80 53 501 61 90 43 129 
300 52 501 54 811 44 1552 62 429 
0 53 811 46 325 63 722 
100 56 510 63 358 64 287 46 448 
700 55 510 57 103 65 1 47 76 
0 56 103 58 58 48 44 66 1 
0 57 58 59 58 
0 58 58 60 146 68 8 50 159 
400 59 146 61 251 69 1 51 21 
100 60 251 62 254 70 23 52 90 
300 61 254 63 124 53 429 71 25 
0 62 124 55 358 72 435 54 722 
600 65 1 72 311 55 287 
0 64 1 66 1 56 1 
0 65 1 67 1 57 1 
0 66 1 68 1 
0 67 1 69 8 59 8 
0 68 8 70 8 60 1 
100 69 8 71 70 61 23 
0 70 70 72 46 62 25 
100 71 46 64 311 63 435 
