72 128 011
400 2 558 9 36 10 882 
700 1 558 3 285 11 122 
300 2 285 4 228 12 68 
0 3 228 5 209 13 19 
0 4 209 6 1 14 209 
0 5 1 7 1 15 1 
0 6 1 8 1 16 1 
100 7 1 9 35 17 65 
0 8 35 1 36 
500 11 466 18 176 19 1536 1 882 
700 10 466 12 103 20 154 2 122 
0 11 103 13 58 21 75 3 68 
0 12 58 14 13 4 19 22 64 
0 13 13 15 1 23 222 5 209 
0 14 1 16 1 24 1 6 1 
0 15 1 17 1 25 1 7 1 
500 16 1 18 176 8 65 26 381 
0 17 176 10 176 
400 20 497 27 824 28 1073 10 1536 
500 19 497 21 237 29 121 11 154 
400 20 237 22 151 30 46 12 75 
0 21 151 23 27 13 64 31 188 
0 22 27 24 79 32 195 14 222 
200 23 79 25 136 33 62 15 1 
300 24 136 26 303 34 48 16 1 
200 25 303 27 820 17 381 35 1258 
0 26 820 19 824 
0 29 1 36 1 37 1073 19 1073 
0 28 1 30 1 38 121 20 121 
0 29 1 31 1 39 46 21 46 
0 30 1 32 11 22 188 40 177 
0 31 11 33 19 41 187 23 195 
0 32 19 34 32 42 65 24 62 
300 33 32 35 210 43 90 25 48 
600 34 210 36 1 26 1258 44 1257 
0 35 1 28 1 
100 38 1 45 603 46 499 28 1073 
0 37 1 39 1 47 121 29 121 
0 38 1 40 19 48 65 30 46 
0 39 19 41 159 31 177 
0 40 159 42 203 50 181 32 187 
300 41 203 43 298 51 28 33 65 
700 42 298 44 597 52 175 34 90 
500 43 597 45 666 35 1257 53 429 
0 44 666 37 603 54 1205 
500 47 1 54 257 55 382 37 499 
0 46 1 48 1 56 121 38 121 
0 47 1 49 1 39 65 57 65 
0 48 1 50 1 
0 49 1 51 44 59 138 41 181 
0 50 44 52 44 60 28 42 28 
700 51 44 53 501 61 100 43 175 
300 52 501 54 500 44 429 62 252 
0 53 500 46 257 63 903 45 1205 
100 56 466 63 358 64 266 46 382 
700 55 466 57 103 65 1 47 121 
0 56 103 58 58 48 65 66 21 
0 57 58 59 58 
0 58 58 60 126 68 6 50 138 
400 59 126 61 260 69 1 51 28 
100 60 260 62 254 70 20 52 100 
300 61 254 63 292 53 252 71 121 
0 62 292 55 358 72 344 54 903 
600 65 22 72 311 55 266 
0 64 22 66 22 56 1 
0 65 22 67 1 57 21 
0 66 1 68 1 
0 67 1 69 6 59 6 
0 68 6 70 6 60 1 
100 69 6 71 75 61 20 
0 70 75 72 56 62 121 
100 71 56 64 311 63 344 
