72 127 011
500 2 628 9 30 10 1055 
700 1 628 3 239 11 97 
300 2 239 4 175 12 57 
0 3 175 5 175 13 1 
0 4 175 6 1 14 175 
0 5 1 7 1 15 1 
0 6 1 8 1 16 1 
100 7 1 9 30 17 70 
0 8 30 1 30 
500 11 281 18 148 19 1569 1 1055 
400 10 281 12 57 20 113 2 97 
0 11 57 13 40 21 54 3 57 
0 12 40 14 17 4 1 22 24 
0 13 17 15 1 23 192 5 175 
0 14 1 16 1 24 1 6 1 
0 15 1 17 1 25 1 7 1 
500 16 1 18 148 8 70 26 414 
0 17 148 10 148 
400 20 432 27 1384 28 577 10 1569 
500 19 432 21 153 29 95 11 113 
200 20 153 22 119 30 39 12 54 
0 21 119 23 34 13 24 31 108 
0 22 34 24 132 32 154 14 192 
500 23 132 25 266 33 143 15 1 
300 24 266 26 428 34 72 16 1 
200 25 428 27 1384 17 414 35 1911 
0 26 1384 19 1384 
100 29 1 36 41 37 576 19 577 
0 28 1 30 1 38 95 20 95 
0 29 1 31 1 39 39 21 39 
0 30 1 32 108 22 108 
0 31 108 33 25 41 237 23 154 
0 32 25 34 65 42 133 24 143 
600 33 65 35 400 43 175 25 72 
600 34 400 36 42 26 1911 44 1938 
0 35 42 28 41 
100 38 1 45 188 46 428 28 576 
0 37 1 39 1 47 95 29 95 
0 38 1 40 1 48 39 30 39 
0 39 1 41 1 
0 40 1 42 101 50 172 32 237 
300 41 101 43 295 51 27 33 133 
700 42 295 44 600 52 308 34 175 
300 43 600 45 752 35 1938 53 1028 
0 44 752 37 188 54 872 
500 47 1 54 288 55 327 37 428 
0 46 1 48 1 56 95 38 95 
0 47 1 49 1 39 39 57 39 
0 48 1 50 1 
0 49 1 51 29 59 143 41 172 
0 50 29 52 29 60 27 42 27 
700 51 29 53 465 61 226 43 308 
300 52 465 54 137 44 1028 62 659 
300 53 137 46 288 63 678 45 872 
0 56 492 63 338 64 239 46 327 
700 55 492 57 103 65 1 47 95 
0 56 103 58 72 48 39 66 10 
0 57 72 59 72 
0 58 72 60 116 68 4 50 143 
400 59 116 61 300 69 1 51 27 
500 60 300 62 508 70 22 52 226 
300 61 508 63 162 53 659 71 202 
0 62 162 55 338 72 302 54 678 
600 65 10 72 349 55 239 
0 64 10 66 10 56 1 
0 65 10 67 1 57 10 
0 66 1 68 1 
0 67 1 69 4 59 4 
0 68 4 70 4 60 1 
100 69 4 71 75 61 22 
0 70 75 72 136 62 202 
100 71 136 64 349 63 302 
