72 128 011
500 2 613 9 30 10 1039 
700 1 613 3 224 11 97 
300 2 224 4 175 12 72 
0 3 175 5 50 13 125 
0 4 50 6 1 14 50 
0 5 1 7 1 15 1 
0 6 1 8 1 16 1 
100 7 1 9 29 17 71 
0 8 29 1 30 
500 11 281 18 468 19 1141 1 1039 
400 10 281 12 57 20 113 2 97 
0 11 57 13 40 21 69 3 72 
0 12 40 14 1 4 125 22 165 
0 13 1 15 1 23 50 5 50 
0 14 1 16 1 24 1 6 1 
0 15 1 17 1 25 1 7 1 
500 16 1 18 467 8 71 26 827 
0 17 467 10 468 
400 20 425 27 205 28 1414 10 1141 
500 19 425 21 146 29 95 11 113 
200 20 146 22 117 30 62 12 69 
0 21 117 23 51 13 165 31 231 
0 22 51 24 132 32 30 14 50 
500 23 132 25 266 33 143 15 1 
300 24 266 26 451 34 50 16 1 
200 25 451 27 207 17 827 35 1076 
0 26 207 19 205 
100 29 1 36 1192 37 263 19 1414 
0 28 1 30 1 38 95 20 95 
0 29 1 31 1 39 62 21 62 
0 30 1 32 231 22 231 
0 31 231 33 25 41 236 23 30 
0 32 25 34 131 42 37 24 143 
600 33 131 35 400 43 249 25 50 
600 34 400 36 539 26 1076 44 567 
0 35 539 28 1192 45 1685 
100 38 1 45 56 46 247 28 263 
0 37 1 39 1 47 95 29 95 
0 38 1 40 1 48 62 30 62 
0 39 1 41 1 
0 40 1 42 101 50 171 32 236 
300 41 101 43 229 51 27 33 37 
700 42 229 44 600 52 285 34 249 
300 43 600 45 474 35 567 53 564 
0 44 474 37 56 54 1518 36 1685 
500 47 8 54 288 55 154 37 247 
0 46 8 48 8 56 95 38 95 
0 47 8 49 48 39 62 57 101 
0 48 48 50 48 
0 49 48 51 29 59 94 41 171 
0 50 29 52 29 60 27 42 27 
700 51 29 53 465 61 203 43 285 
300 52 465 54 751 44 564 62 929 
300 53 751 46 288 63 590 45 1518 
0 56 492 63 338 64 67 46 154 
700 55 492 57 103 65 1 47 95 
0 56 103 58 24 48 101 66 25 
0 57 24 59 24 
0 58 24 60 116 68 2 50 94 
400 59 116 61 300 69 1 51 27 
500 60 300 62 531 70 22 52 203 
300 61 531 63 113 53 929 71 280 
0 62 113 55 338 72 383 54 590 
600 65 26 72 508 55 67 
0 64 26 66 26 56 1 
0 65 26 67 1 57 25 
0 66 1 68 1 
0 67 1 69 2 59 2 
0 68 2 70 2 60 1 
100 69 2 71 76 61 22 
0 70 76 72 213 62 280 
100 71 213 64 508 63 383 
