72 126 011
500 2 409 9 38 10 820 
400 1 409 3 207 11 50 
300 2 207 4 175 12 66 
0 3 175 5 1 13 175 
0 4 1 6 1 14 1 
0 5 1 7 1 15 1 
0 6 1 8 1 16 1 
200 7 1 9 37 17 163 
0 8 37 1 38 
500 11 286 18 507 19 867 1 820 
400 10 286 12 84 20 71 2 50 
0 11 84 13 66 21 62 3 66 
0 12 66 14 1 4 175 22 241 
0 13 1 15 1 23 1 5 1 
0 14 1 16 1 24 1 6 1 
0 15 1 17 1 25 1 7 1 
500 16 1 18 509 8 163 26 964 
0 17 509 10 507 
500 20 426 27 184 28 1214 10 867 
500 19 426 21 175 29 58 11 71 
200 20 175 22 153 30 59 12 62 
0 21 153 23 394 13 241 
0 22 394 24 112 32 345 14 1 
500 23 112 25 261 33 126 15 1 
0 24 261 26 261 34 1 16 1 
200 25 261 27 184 17 964 35 1101 
0 26 184 19 184 
100 29 1 36 1012 37 244 19 1214 
0 28 1 30 1 38 58 20 58 
0 29 1 31 1 39 59 21 59 
0 30 1 32 1 
0 31 1 33 37 41 330 23 345 
0 32 37 34 123 42 41 24 126 
600 33 123 35 382 43 211 25 1 
100 34 382 36 467 26 1101 44 621 
0 35 467 28 1012 45 1442 
100 38 3 45 55 46 229 28 244 
0 37 3 39 3 47 58 29 58 
0 38 3 40 1 48 59 30 59 
0 39 1 41 1 
0 40 1 42 155 50 263 32 330 
500 41 155 43 390 51 36 33 41 
700 42 390 44 684 52 271 34 211 
300 43 684 45 309 35 621 53 472 
400 44 309 37 55 54 1370 36 1442 
500 47 18 54 284 55 131 37 229 
0 46 18 48 18 56 58 38 58 
0 47 18 49 45 39 59 57 104 
0 48 45 50 45 
0 49 45 51 37 59 203 41 263 
0 50 37 52 37 60 36 42 36 
600 51 37 53 382 61 200 43 271 
300 52 382 54 661 44 472 62 741 
300 53 661 46 284 63 508 45 1370 
0 56 346 63 221 64 59 46 131 
500 55 346 57 95 65 1 47 58 
0 56 95 58 49 48 104 66 37 
0 57 49 59 49 
200 58 49 60 164 68 6 50 203 
400 59 164 61 350 69 1 51 36 
500 60 350 62 586 70 49 52 200 
0 61 586 63 319 53 741 
0 62 319 55 221 72 624 54 508 
600 65 38 72 502 55 59 
0 64 38 66 38 56 1 
0 65 38 67 1 57 37 
0 66 1 68 1 
0 67 1 69 6 59 6 
0 68 6 70 6 60 1 
100 69 6 71 47 61 49 
0 70 47 72 47 
100 71 47 64 502 63 624 
