72 128 011
500 2 395 9 119 10 693 
400 1 395 3 194 11 50 
300 2 194 4 175 12 79 
0 3 175 5 1 13 175 
0 4 1 6 1 14 1 
0 5 1 7 1 15 1 
0 6 1 8 1 16 1 
200 7 1 9 119 17 277 
0 8 119 1 119 
500 11 291 18 95 19 1208 1 693 
400 10 291 12 61 20 71 2 50 
0 11 61 13 43 21 75 3 79 
0 12 43 14 1 4 175 22 218 
0 13 1 15 1 23 1 5 1 
0 14 1 16 1 24 1 6 1 
0 15 1 17 1 25 1 7 1 
500 16 1 18 95 8 277 26 633 
0 17 95 10 95 
500 20 455 27 1603 28 181 10 1208 
500 19 455 21 168 29 58 11 71 
200 20 168 22 105 30 74 12 75 
0 21 105 23 323 13 218 
0 22 323 24 89 32 252 14 1 
500 23 89 25 369 33 41 15 1 
0 24 369 26 284 34 86 16 1 
200 25 284 27 444 17 633 35 403 
0 26 444 19 1603 36 1810 
100 29 2 36 62 37 163 19 181 
0 28 2 30 2 38 58 20 58 
0 29 2 31 1 39 72 21 74 
0 30 1 32 1 
0 31 1 33 37 41 236 23 252 
0 32 37 34 37 42 41 24 41 
600 33 37 35 382 43 211 25 86 
100 34 382 36 270 26 403 44 482 
0 35 270 28 62 45 1742 27 1810 
100 38 3 45 55 46 148 28 163 
0 37 3 39 3 47 58 29 58 
0 38 3 40 23 48 95 30 72 
0 39 23 41 23 
0 40 23 42 155 50 147 32 236 
500 41 155 43 390 51 36 33 41 
700 42 390 44 684 52 271 34 211 
300 43 684 45 1043 35 482 53 1283 
400 44 1043 37 55 54 721 36 1742 
500 47 32 54 284 55 63 37 148 
0 46 32 48 32 56 58 38 58 
0 47 32 49 1 39 95 57 82 
0 48 1 50 1 
0 49 1 51 26 59 142 41 147 
0 50 26 52 26 60 36 42 36 
600 51 26 53 393 61 200 43 271 
300 52 393 54 243 44 1283 62 909 
300 53 243 46 284 63 492 45 721 
0 56 341 63 311 64 32 46 63 
500 55 341 57 72 65 27 47 58 
0 56 72 58 38 48 82 66 26 
0 57 38 59 49 67 11 
200 58 49 60 145 68 1 50 142 
400 59 145 61 395 69 1 51 36 
500 60 395 62 676 70 85 52 200 
0 61 676 63 394 53 909 
0 62 394 55 311 72 594 54 492 
600 65 65 72 502 55 32 
0 64 65 66 38 56 27 
0 65 38 67 11 57 26 
0 66 11 68 1 58 11 
0 67 1 69 1 59 1 
0 68 1 70 1 60 1 
100 69 1 71 17 61 85 
0 70 17 72 17 
100 71 17 64 502 63 594 
