72 126 011
500 2 299 9 182 10 544 
400 1 299 3 92 11 46 
0 2 92 4 85 12 7 
0 3 85 5 1 13 85 
0 4 1 6 3 14 3 
0 5 3 7 3 15 1 
0 6 3 8 3 16 1 
200 7 3 9 182 17 347 
0 8 182 1 182 
600 11 303 18 143 19 1083 1 544 
400 10 303 12 96 20 64 2 46 
0 11 96 13 89 21 14 3 7 
0 12 89 14 174 4 85 
0 13 174 15 35 23 213 5 3 
0 14 35 16 57 24 22 6 1 
500 15 57 17 393 25 67 7 1 
500 16 393 18 142 8 347 26 911 
0 17 142 10 143 
500 20 406 27 1478 28 150 10 1083 
400 19 406 21 163 29 53 11 64 
200 20 163 22 98 30 44 12 14 
0 21 98 23 98 
200 22 98 24 138 32 270 14 213 
500 23 138 25 367 33 45 15 22 
0 24 367 26 273 34 161 16 67 
100 25 273 27 626 17 911 35 432 
0 26 626 19 1478 36 1823 
100 29 5 36 62 37 133 19 150 
0 28 5 30 5 38 53 20 53 
0 29 5 31 2 39 44 21 44 
0 30 2 32 2 
0 31 2 33 31 41 259 23 270 
0 32 31 34 31 42 45 24 45 
600 33 31 35 378 43 242 25 161 
100 34 378 36 171 26 432 44 495 
300 35 171 28 62 45 1764 27 1823 
0 38 1 45 1 46 133 28 133 
0 37 1 39 1 47 53 29 53 
0 38 1 40 68 48 111 30 44 
0 39 68 41 68 
0 40 68 42 122 50 145 32 259 
500 41 122 43 374 51 45 33 45 
400 42 374 44 484 52 241 34 242 
300 43 484 45 540 35 495 53 813 
400 44 540 37 1 54 1193 36 1764 
500 47 27 54 308 55 40 37 133 
0 46 27 48 27 56 53 38 53 
0 47 27 49 1 39 111 57 102 
0 48 1 50 1 
0 49 1 51 42 59 167 41 145 
0 50 42 52 42 60 45 42 45 
600 51 42 53 589 61 338 43 241 
0 52 589 54 468 44 813 
300 53 468 46 308 63 1357 45 1193 
0 56 338 63 312 64 13 46 40 
500 55 338 57 94 65 13 47 53 
0 56 94 58 61 48 102 66 10 
0 57 61 59 66 67 5 
200 58 66 60 138 68 1 50 167 
500 59 138 61 424 69 1 51 45 
500 60 424 62 505 70 1 52 338 
0 61 505 63 505 
500 62 505 55 312 72 359 54 1357 
300 65 29 72 258 55 13 
0 64 29 66 16 56 13 
0 65 16 67 5 57 10 
0 66 5 68 1 58 5 
0 67 1 69 1 59 1 
0 68 1 70 1 60 1 
0 69 1 71 1 61 1 
0 70 1 72 1 
100 71 1 64 258 63 359 
