72 128 011
500 2 311 9 93 10 665 
400 1 311 3 80 11 27 
0 2 80 4 56 12 24 
0 3 56 5 1 13 56 
0 4 1 6 3 14 3 
0 5 3 7 3 15 1 
0 6 3 8 3 16 1 
200 7 3 9 93 17 259 
0 8 93 1 93 
600 11 349 18 1248 19 136 1 665 
400 10 349 12 67 20 44 2 27 
0 11 67 13 34 21 57 3 24 
0 12 34 14 91 4 56 
0 13 91 15 25 23 120 5 3 
0 14 25 16 25 24 1 6 1 
500 15 25 17 388 25 86 7 1 
500 16 388 18 568 8 259 26 346 
0 17 568 10 1248 27 1610 
500 20 377 27 622 28 63 10 136 
400 19 377 21 163 29 34 11 44 
200 20 163 22 95 30 100 12 57 
0 21 95 23 95 
200 22 95 24 148 32 184 14 120 
500 23 148 25 408 33 43 15 1 
0 24 408 26 296 34 155 16 86 
100 25 296 27 147 17 346 35 486 
0 26 147 19 622 36 1980 18 1610 
100 29 5 36 61 37 49 19 63 
0 28 5 30 5 38 34 20 34 
0 29 5 31 10 39 109 21 100 
0 30 10 32 10 
0 31 10 33 30 41 164 23 184 
0 32 30 34 30 42 43 24 43 
600 33 30 35 386 43 234 25 155 
100 34 386 36 925 26 486 44 1379 
300 35 925 28 61 45 1128 27 1980 
0 38 1 45 1 46 49 28 49 
0 37 1 39 1 47 34 29 34 
0 38 1 40 1 48 109 30 109 
0 39 1 41 1 
0 40 1 42 101 50 137 32 164 
500 41 101 43 395 51 43 33 43 
400 42 395 44 516 52 233 34 234 
200 43 516 45 83 35 1379 53 1251 
400 44 83 37 1 54 1076 36 1128 
500 47 52 54 397 55 15 37 49 
0 46 52 48 26 56 60 38 34 
0 47 26 49 70 39 109 57 31 
0 48 70 50 57 58 126 
0 49 57 51 18 59 62 41 137 
0 50 18 52 18 60 43 42 43 
600 51 18 53 861 61 637 43 233 
0 52 861 54 678 44 1251 
300 53 678 46 397 63 1420 45 1076 
0 56 318 63 319 64 15 46 15 
500 55 318 57 108 65 13 47 60 
0 56 108 58 82 48 31 66 5 
0 57 82 59 105 67 10 49 126 
200 58 105 60 163 68 1 50 62 
500 59 163 61 491 69 1 51 43 
500 60 491 62 276 70 1 52 637 
0 61 276 63 276 
500 62 276 55 319 72 822 54 1420 
300 65 28 72 257 55 15 
0 64 28 66 15 56 13 
0 65 15 67 10 57 5 
0 66 10 68 1 58 10 
0 67 1 69 1 59 1 
0 68 1 70 1 60 1 
0 69 1 71 1 61 1 
0 70 1 72 1 
600 71 1 64 257 63 822 
