72 126 011
400 2 295 9 67 10 587 
400 1 295 3 107 11 13 
0 2 107 4 67 12 40 
0 3 67 5 67 
0 4 67 6 1 14 67 
0 5 1 7 1 15 1 
0 6 1 8 1 16 1 
200 7 1 9 67 17 240 
0 8 67 1 67 
600 11 27 18 987 19 92 1 587 
0 10 27 12 27 20 13 2 13 
0 11 27 13 10 21 57 3 40 
0 12 10 14 10 
0 13 10 15 16 23 94 5 67 
0 14 16 16 16 24 1 6 1 
500 15 16 17 303 25 181 7 1 
300 16 303 18 474 8 240 26 210 
0 17 474 10 987 27 1360 
500 20 305 27 607 28 38 10 92 
400 19 305 21 100 29 17 11 13 
0 20 100 22 38 30 119 12 57 
0 21 38 23 38 
200 22 38 24 153 32 169 14 94 
700 23 153 25 569 33 84 15 1 
0 24 569 26 407 34 283 16 181 
100 25 407 27 159 17 210 35 452 
300 26 159 19 607 36 1845 18 1360 
0 29 1 36 1 37 38 19 38 
0 28 1 30 1 38 17 20 17 
0 29 1 31 56 39 175 21 119 
0 30 56 32 56 
0 31 56 33 26 41 113 23 169 
0 32 26 34 26 42 84 24 84 
800 33 26 35 497 43 395 25 283 
100 34 497 36 408 26 452 44 882 
300 35 408 28 1 45 1512 27 1845 
0 38 1 45 1 46 38 28 38 
0 37 1 39 1 47 17 29 17 
0 38 1 40 17 48 158 30 175 
0 39 17 41 17 
0 40 17 42 77 50 111 32 113 
500 41 77 43 368 51 92 33 84 
400 42 368 44 611 52 503 34 395 
0 43 611 45 775 35 882 
400 44 775 37 1 54 2239 36 1512 
500 47 38 54 399 55 25 37 38 
0 46 38 48 17 56 38 38 17 
0 47 17 49 94 39 158 57 65 
0 48 94 50 51 58 118 
0 49 51 51 73 59 61 41 111 
400 50 73 52 303 60 68 42 92 
600 51 303 53 504 61 316 43 503 
0 52 504 54 504 
500 53 504 46 399 63 1831 45 2239 
300 56 337 63 573 64 20 46 25 
500 55 337 57 132 65 13 47 38 
0 56 132 58 72 48 65 66 5 
0 57 72 59 120 67 5 49 118 
200 58 120 60 148 68 1 50 61 
500 59 148 61 438 69 1 51 68 
400 60 438 62 478 70 1 52 316 
0 61 478 63 478 
500 62 478 55 573 72 826 54 1831 
300 65 22 72 258 55 20 
0 64 22 66 10 56 13 
0 65 10 67 5 57 5 
0 66 5 68 1 58 5 
0 67 1 69 1 59 1 
0 68 1 70 1 60 1 
0 69 1 71 1 61 1 
0 70 1 72 1 
600 71 1 64 258 63 826 
