72 128 011
400 2 333 9 593 10 85 
400 1 333 3 82 11 13 
0 2 82 4 36 12 46 
0 3 36 5 36 
0 4 36 6 1 14 36 
0 5 1 7 1 15 1 
0 6 1 8 1 16 1 
200 7 1 9 105 17 95 
0 8 105 1 593 18 672 
600 11 20 18 495 19 91 1 85 
0 10 20 12 20 20 13 2 13 
0 11 20 13 10 21 56 3 46 
0 12 10 14 10 
0 13 10 15 16 23 63 5 36 
0 14 16 16 16 24 1 6 1 
500 15 16 17 306 25 178 7 1 
300 16 306 18 191 8 95 26 460 
0 17 191 10 495 27 1154 9 672 
500 20 297 27 559 28 80 10 91 
400 19 297 21 108 29 16 11 13 
0 20 108 22 38 30 126 12 56 
0 21 38 23 38 
200 22 38 24 154 32 137 14 63 
700 23 154 25 574 33 82 15 1 
0 24 574 26 415 34 278 16 178 
100 25 415 27 749 17 460 35 1351 
300 26 749 19 559 36 960 18 1154 
0 29 1 36 1 37 80 19 80 
0 28 1 30 1 38 16 20 16 
0 29 1 31 1 39 126 21 126 
0 30 1 32 1 
0 31 1 33 13 41 124 23 137 
0 32 13 34 13 42 82 24 82 
800 33 13 35 502 43 401 25 278 
300 34 502 36 75 26 1351 44 1430 
300 35 75 28 1 45 1010 27 960 
0 38 21 45 1 46 59 28 80 
0 37 21 39 1 47 37 29 16 
0 38 1 40 100 48 26 30 126 
0 39 100 41 104 49 172 
0 40 104 42 88 50 46 32 124 
500 41 88 43 390 51 90 33 82 
400 42 390 44 857 52 760 34 401 
0 43 857 45 1046 35 1430 
400 44 1046 37 1 54 2001 36 1010 
500 47 37 54 401 55 47 37 59 
0 46 37 48 17 56 58 38 37 
0 47 17 49 17 39 26 57 26 
0 48 17 50 30 58 176 40 172 
0 49 30 51 43 59 46 41 46 
400 50 43 52 302 60 66 42 90 
600 51 302 53 306 61 343 43 760 
0 52 306 54 306 
500 53 306 46 401 63 1772 45 2001 
300 56 319 63 534 64 20 46 47 
500 55 319 57 130 65 12 47 58 
0 56 130 58 135 48 26 66 32 
0 57 135 59 118 67 1 49 176 
200 58 118 60 162 68 1 50 46 
500 59 162 61 456 69 1 51 66 
400 60 456 62 394 70 76 52 343 
0 61 394 63 394 
500 62 394 55 534 72 728 54 1772 
300 65 44 72 237 55 20 
0 64 44 66 32 56 12 
0 65 32 67 1 57 32 
0 66 1 68 1 58 1 
0 67 1 69 1 59 1 
0 68 1 70 1 60 1 
0 69 1 71 76 61 76 
0 70 76 72 76 
600 71 76 64 237 63 728 
