72 127 011
400 2 395 9 648 10 70 
500 1 395 3 128 11 18 
0 2 128 4 47 12 81 
0 3 47 5 47 
0 4 47 6 1 14 47 
0 5 1 7 1 15 1 
0 6 1 8 1 16 1 
300 7 1 9 150 17 150 
0 8 150 1 648 18 750 
600 11 32 18 492 19 49 1 70 
0 10 32 12 32 20 18 2 18 
0 11 32 13 11 21 103 3 81 
0 12 11 14 11 
0 13 11 15 26 23 85 5 47 
0 14 26 16 26 24 1 6 1 
500 15 26 17 286 25 188 7 1 
300 16 286 18 177 8 150 26 489 
200 17 177 10 492 27 1282 9 750 
100 20 269 27 297 28 4 10 49 
400 19 269 21 108 29 18 11 18 
0 20 108 22 34 30 177 12 103 
0 21 34 23 34 
200 22 34 24 170 32 136 14 85 
700 23 170 25 573 33 83 15 1 
100 24 573 26 455 34 318 16 188 
100 25 455 27 337 17 489 35 925 
300 26 337 19 297 36 1261 18 1282 
0 29 1 36 1 37 4 19 4 
0 28 1 30 1 38 18 20 18 
0 29 1 31 1 39 177 21 177 
0 30 1 32 1 
0 31 1 33 14 41 122 23 136 
0 32 14 34 14 42 83 24 83 
800 33 14 35 656 43 629 25 318 
0 34 656 36 750 26 925 
300 35 750 28 1 45 2018 27 1261 
0 38 2 45 1 46 3 28 4 
0 37 2 39 1 47 19 29 18 
0 38 1 40 157 48 20 30 177 
0 39 157 41 58 49 188 
0 40 58 42 75 50 80 32 122 
400 41 75 43 313 51 89 33 83 
400 42 313 44 372 52 578 34 629 
0 43 372 45 372 
300 44 372 37 1 54 1972 36 2018 
0 47 1 54 1 55 3 37 3 
0 46 1 48 1 56 19 38 19 
0 47 1 49 1 39 20 57 20 
0 48 1 50 39 58 163 40 188 
0 49 39 51 60 59 87 41 80 
400 50 60 52 283 60 67 42 89 
500 51 283 53 329 61 479 43 578 
0 52 329 54 329 
500 53 329 46 1 63 1674 45 1972 
300 56 162 63 385 64 8 46 3 
200 55 162 57 70 65 5 47 19 
0 56 70 58 87 48 20 66 37 
0 57 87 59 148 67 1 49 163 
400 58 148 60 280 68 1 50 87 
500 59 280 61 562 69 1 51 67 
400 60 562 62 393 70 204 52 479 
0 61 393 63 393 
500 62 393 55 385 72 782 54 1674 
300 65 42 72 250 55 8 
0 64 42 66 37 56 5 
0 65 37 67 1 57 37 
0 66 1 68 1 58 1 
0 67 1 69 1 59 1 
0 68 1 70 1 60 1 
0 69 1 71 204 61 204 
0 70 204 72 204 
800 71 204 64 250 63 782 
