72 128 011
0 2 1 9 1 10 1 
400 1 1 3 107 11 446 
0 2 107 4 107 
500 3 107 5 308 13 666 
400 4 308 6 67 14 27 
0 5 67 7 40 15 27 
0 6 40 8 1 16 40 
0 7 1 9 1 17 1 
0 8 1 1 1 18 1 
500 11 381 18 21 1 1 19 97 
500 10 381 12 603 2 446 20 462 
0 11 603 13 1259 21 1626 
600 12 1259 14 353 4 666 22 134 
400 13 353 15 62 5 27 23 44 
0 14 62 16 17 6 27 24 72 
0 15 17 17 57 7 40 
0 16 57 18 21 8 1 26 78 
0 17 21 10 21 9 1 27 1 
0 20 237 27 364 10 97 28 182 
100 19 237 21 124 11 462 29 568 
0 20 124 22 668 30 1970 12 1626 
500 21 668 23 409 13 134 31 62 
400 22 409 24 185 14 44 32 34 
300 23 185 25 104 15 72 33 121 
0 24 104 26 104 
0 25 104 27 92 17 78 35 123 
500 26 92 19 364 18 1 36 42 
600 29 374 36 26 19 182 37 280 
300 28 374 30 1057 20 568 38 1571 
200 29 1057 31 64 39 977 21 1970 
100 30 64 32 4 22 62 40 49 
0 31 4 33 4 23 34 41 34 
0 32 4 34 1 24 121 42 120 
0 33 1 35 1 
0 34 1 36 25 26 123 44 119 
0 35 25 28 26 27 42 45 42 
700 38 695 45 411 28 280 46 291 
200 37 695 39 77 29 1571 47 1344 
300 38 77 40 1 48 930 30 977 
0 39 1 41 1 31 49 49 49 
0 40 1 42 1 32 34 50 34 
0 41 1 43 1 33 120 51 120 
0 42 1 44 1 
0 43 1 45 105 35 119 53 97 
500 44 105 37 411 36 42 54 42 
700 47 950 54 1 37 291 55 686 
0 46 950 48 693 38 1344 
300 47 693 49 402 39 930 57 1235 
500 48 402 50 46 40 49 58 15 
0 49 46 51 21 41 34 59 59 
0 50 21 52 79 42 120 60 37 
0 51 79 53 42 61 121 
0 52 42 54 1 44 97 62 54 
0 53 1 46 1 45 42 63 42 
500 56 231 63 502 46 686 64 1 
0 55 231 57 231 
200 56 231 58 326 48 1235 66 827 
0 57 326 59 326 49 15 67 15 
500 58 326 60 102 50 59 68 13 
0 59 102 61 72 51 37 69 8 
0 60 72 62 114 70 5 52 121 
200 61 114 63 161 53 54 71 1 
500 62 161 55 502 54 42 72 1 
0 65 1 72 1 55 1 
0 64 1 66 1 
600 65 1 67 264 57 827 
300 66 264 68 25 58 15 
0 67 25 69 12 59 13 
0 68 12 70 5 60 8 
0 69 5 71 1 61 5 
0 70 1 72 1 62 1 
0 71 1 64 1 63 1 
