72 128 011
400 2 360 9 620 10 73 
500 1 360 3 150 11 19 
0 2 150 4 33 12 118 
0 3 33 5 33 
0 4 33 6 1 14 33 
0 5 1 7 1 15 1 
0 6 1 8 1 16 1 
300 7 1 9 69 17 231 
0 8 69 1 620 18 639 
600 11 34 18 487 19 51 1 73 
0 10 34 12 34 20 19 2 19 
0 11 34 13 1 21 152 3 118 
0 12 1 14 1 
0 13 1 15 1 23 33 5 33 
0 14 1 16 1 24 1 6 1 
500 15 1 17 285 25 215 7 1 
300 16 285 18 475 8 231 26 963 
200 17 475 10 487 27 754 9 639 
100 20 271 27 297 28 3 10 51 
400 19 271 21 124 29 1 11 19 
0 20 124 22 26 30 250 12 152 
0 21 26 23 26 
0 22 26 24 117 32 60 14 33 
700 23 117 25 493 33 87 15 1 
100 24 493 26 368 34 352 16 215 
100 25 368 27 162 17 963 35 1045 
300 26 162 19 297 36 1009 18 754 
0 29 1 36 1 37 3 19 3 
0 28 1 30 1 38 1 20 1 
0 29 1 31 183 39 66 21 250 
0 30 183 32 47 40 232 
0 31 47 33 15 41 27 23 60 
0 32 15 34 15 42 87 24 87 
800 33 15 35 756 43 785 25 352 
0 34 756 36 715 26 1045 
300 35 715 28 1 45 1730 27 1009 
0 38 1 45 1 46 3 28 3 
0 37 1 39 1 47 1 29 1 
0 38 1 40 1 48 66 30 66 
0 39 1 41 52 49 217 31 232 
0 40 52 42 67 50 41 32 27 
400 41 67 43 274 51 93 33 87 
400 42 274 44 170 52 678 34 785 
0 43 170 45 170 
300 44 170 37 1 54 1712 36 1730 
0 47 1 54 1 55 3 37 3 
0 46 1 48 1 56 1 38 1 
0 47 1 49 72 39 66 57 141 
0 48 72 50 41 58 116 40 217 
0 49 41 51 56 59 56 41 41 
400 50 56 52 285 60 70 42 93 
500 51 285 53 587 61 952 43 678 
0 52 587 54 587 
500 53 587 46 1 63 1002 45 1712 
300 56 132 63 363 64 8 46 3 
200 55 132 57 109 65 5 47 1 
0 56 109 58 38 48 141 66 67 
0 57 38 59 155 67 1 49 116 
400 58 155 60 292 68 1 50 56 
500 59 292 61 582 69 1 51 70 
400 60 582 62 108 70 284 52 952 
0 61 108 63 108 
200 62 108 55 363 72 668 54 1002 
300 65 72 72 220 55 8 
0 64 72 66 66 56 5 
0 65 66 67 1 57 67 
0 66 1 68 1 58 1 
0 67 1 69 1 59 1 
0 68 1 70 1 60 1 
0 69 1 71 284 61 284 
0 70 284 72 284 
800 71 284 64 220 63 668 
