72 126 011
400 2 372 9 595 10 81 
500 1 372 3 168 11 19 
0 2 168 4 1 12 168 
0 3 1 5 1 
0 4 1 6 1 14 1 
0 5 1 7 1 15 1 
0 6 1 8 1 16 1 
300 7 1 9 60 17 240 
400 8 60 1 595 18 918 
700 11 53 18 555 19 56 1 81 
0 10 53 12 53 20 19 2 19 
0 11 53 13 1 21 221 3 168 
0 12 1 14 1 
0 13 1 15 9 23 9 5 1 
0 14 9 16 9 24 1 6 1 
500 15 9 17 269 25 222 7 1 
300 16 269 18 305 8 240 26 717 
200 17 305 10 555 27 1193 9 918 
100 20 281 27 300 28 3 10 56 
400 19 281 21 117 29 1 11 19 
0 20 117 22 97 30 241 12 221 
0 21 97 23 97 
200 22 97 24 168 32 121 14 9 
700 23 168 25 568 33 79 15 1 
100 24 568 26 642 34 598 16 222 
0 25 642 27 524 17 717 
300 26 524 19 300 36 1875 18 1193 
0 29 1 36 1 37 3 19 3 
0 28 1 30 1 38 1 20 1 
0 29 1 31 177 39 64 21 241 
0 30 177 32 75 40 204 
0 31 75 33 113 41 61 23 121 
300 32 113 34 259 42 84 24 79 
800 33 259 35 402 43 800 25 598 
0 34 402 36 402 
0 35 402 28 1 45 1712 27 1875 
0 38 1 45 1 46 3 28 3 
0 37 1 39 1 47 1 29 1 
0 38 1 40 1 48 64 30 64 
0 39 1 41 40 49 178 31 204 
0 40 40 42 62 50 68 32 61 
400 41 62 43 283 51 65 33 84 
500 42 283 44 282 52 819 34 800 
0 43 282 45 282 
300 44 282 37 1 54 1472 36 1712 
0 47 1 54 1 55 3 37 3 
0 46 1 48 1 56 1 38 1 
0 47 1 49 64 39 64 57 130 
0 48 64 50 40 58 86 40 178 
0 49 40 51 62 59 76 41 68 
400 50 62 52 283 60 17 42 65 
500 51 283 53 579 61 1017 43 819 
0 52 579 54 579 
500 53 579 46 1 63 706 45 1472 
300 56 154 63 340 64 1 46 3 
200 55 154 57 146 65 1 47 1 
0 56 146 58 20 48 130 
0 57 20 59 106 67 1 49 86 
400 58 106 60 243 68 1 50 76 
100 59 243 61 296 69 1 51 17 
400 60 296 62 125 70 471 52 1017 
0 61 125 63 125 
100 62 125 55 340 72 479 54 706 
0 65 1 72 1 55 1 
0 64 1 66 1 56 1 
0 65 1 67 1 
0 66 1 68 1 58 1 
0 67 1 69 1 59 1 
0 68 1 70 1 60 1 
200 69 1 71 296 61 471 
0 70 296 72 296 
800 71 296 64 1 63 479 
