72 128 011
400 2 372 9 595 10 81 
500 1 372 3 168 11 19 
0 2 168 4 1 12 168 
0 3 1 5 1 
0 4 1 6 1 14 1 
0 5 1 7 1 15 1 
0 6 1 8 1 16 1 
300 7 1 9 324 17 549 
400 8 324 1 595 18 609 
700 11 53 18 555 19 56 1 81 
0 10 53 12 53 20 19 2 19 
0 11 53 13 1 21 221 3 168 
0 12 1 14 1 
0 13 1 15 18 23 19 5 1 
0 14 18 16 18 24 1 6 1 
500 15 18 17 259 25 222 7 1 
300 16 259 18 162 8 549 26 825 
200 17 162 10 555 27 1075 9 609 
100 20 300 27 317 28 3 10 56 
400 19 300 21 166 29 1 11 19 
0 20 166 22 323 30 64 12 221 
0 21 323 23 210 31 340 
200 22 210 24 207 32 20 14 19 
700 23 207 25 568 33 79 15 1 
100 24 568 26 656 34 819 16 222 
0 25 656 27 408 17 825 
300 26 408 19 317 36 1593 18 1075 
0 29 1 36 1 37 3 19 3 
0 28 1 30 1 38 1 20 1 
0 29 1 31 1 39 64 21 64 
0 30 1 32 53 40 344 22 340 
0 31 53 33 69 41 25 23 20 
300 32 69 34 216 42 84 24 79 
800 33 216 35 248 43 893 25 819 
0 34 248 36 248 
0 35 248 28 1 45 1514 27 1593 
0 38 1 45 1 46 3 28 3 
0 37 1 39 1 47 1 29 1 
0 38 1 40 113 48 178 30 64 
0 39 113 41 40 49 203 31 344 
0 40 40 42 62 50 33 32 25 
400 41 62 43 283 51 65 33 84 
500 42 283 44 620 52 1333 34 893 
0 43 620 45 620 
300 44 620 37 1 54 853 36 1514 
0 47 9 54 9 55 3 37 3 
0 46 9 48 9 56 1 38 1 
0 47 9 49 7 39 178 57 177 
0 48 7 50 40 58 170 40 203 
0 49 40 51 62 59 40 41 33 
400 50 62 52 283 60 17 42 65 
500 51 283 53 124 61 992 43 1333 
0 52 124 54 124 
500 53 124 46 9 63 636 45 853 
300 56 149 63 298 64 1 46 3 
200 55 149 57 193 65 29 47 1 
0 56 193 58 20 48 177 
0 57 20 59 190 67 1 49 170 
400 58 190 60 226 68 1 50 40 
100 59 226 61 277 69 1 51 17 
400 60 277 62 489 70 109 52 992 
0 61 489 63 227 71 422 
100 62 227 55 298 72 390 54 636 
0 65 30 72 29 55 1 
0 64 30 66 1 56 29 
0 65 1 67 1 
0 66 1 68 1 58 1 
0 67 1 69 1 59 1 
0 68 1 70 1 60 1 
200 69 1 71 94 61 109 
0 70 94 72 356 62 422 
800 71 356 64 29 63 390 
