72 126 011
700 2 396 9 791 10 108 
500 1 396 3 223 11 17 
0 2 223 4 1 12 223 
0 3 1 5 1 
0 4 1 6 2 14 2 
0 5 2 7 2 15 1 
100 6 2 8 54 16 44 
300 7 54 9 123 17 364 
400 8 123 1 791 18 983 
700 11 68 18 485 19 109 1 108 
0 10 68 12 68 20 17 2 17 
0 11 68 13 1 21 290 3 223 
0 12 1 14 1 
0 13 1 15 13 23 15 5 2 
0 14 13 16 13 24 1 6 1 
500 15 13 17 372 25 401 7 44 
0 16 372 18 322 8 364 
200 17 322 10 485 27 1723 9 983 
100 20 272 27 274 28 49 10 109 
400 19 272 21 100 29 32 11 17 
0 20 100 22 327 30 63 12 290 
0 21 327 23 138 31 334 
200 22 138 24 145 32 36 14 15 
300 23 145 25 269 33 38 15 1 
100 24 269 26 147 34 549 16 401 
0 25 147 27 147 
400 26 147 19 274 36 1930 18 1723 
0 29 1 36 1 37 49 19 49 
0 28 1 30 1 38 32 20 32 
0 29 1 31 1 39 63 21 63 
0 30 1 32 28 40 315 22 334 
0 31 28 33 51 41 49 23 36 
300 32 51 34 211 42 61 24 38 
600 33 211 35 264 43 860 25 549 
0 34 264 36 264 
0 35 264 28 1 45 1712 27 1930 
0 38 1 45 1 46 49 28 49 
0 37 1 39 1 47 32 29 32 
0 38 1 40 12 48 75 30 63 
0 39 12 41 124 49 240 31 315 
300 40 124 42 223 50 66 32 49 
400 41 223 43 439 51 68 33 61 
500 42 439 44 844 52 1609 34 860 
0 43 844 45 844 
300 44 844 37 1 54 869 36 1712 
0 47 12 54 12 55 49 37 49 
0 46 12 48 75 56 96 38 32 
0 47 75 49 1 39 75 
0 48 1 50 66 58 198 40 240 
0 49 66 51 119 59 61 41 66 
700 50 119 52 510 60 15 42 68 
500 51 510 53 247 61 1183 43 1609 
0 52 247 54 247 
700 53 247 46 12 63 697 45 869 
700 56 232 63 599 64 1 46 49 
200 55 232 57 122 65 13 47 96 
0 56 122 58 122 
0 57 122 59 143 67 1 49 198 
400 58 143 60 226 68 1 50 61 
100 59 226 61 278 69 1 51 15 
300 60 278 62 685 70 160 52 1183 
0 61 685 63 359 71 481 
100 62 359 55 599 72 387 54 697 
0 65 14 72 13 55 1 
0 64 14 66 1 56 13 
0 65 1 67 1 
0 66 1 68 1 58 1 
0 67 1 69 1 59 1 
0 68 1 70 1 60 1 
200 69 1 71 44 61 160 
100 70 44 72 377 62 481 
800 71 377 64 13 63 387 
