72 128 011
700 2 396 9 791 10 108 
500 1 396 3 223 11 17 
0 2 223 4 1 12 223 
0 3 1 5 1 
0 4 1 6 3 14 3 
0 5 3 7 3 15 1 
100 6 3 8 46 16 51 
300 7 46 9 123 17 356 
400 8 123 1 791 18 983 
700 11 160 18 442 19 60 1 108 
0 10 160 12 111 20 66 2 17 
0 11 111 13 270 21 63 3 223 
0 12 270 14 10 22 280 
0 13 10 15 8 23 2 5 3 
0 14 8 16 8 24 1 6 1 
500 15 8 17 329 25 456 7 51 
0 16 329 18 270 8 356 
200 17 270 10 442 27 1629 9 983 
100 20 223 27 274 28 49 10 60 
400 19 223 21 100 29 32 11 66 
0 20 100 22 55 30 108 12 63 
0 21 55 23 117 31 321 13 280 
200 22 117 24 140 32 36 14 2 
300 23 140 25 300 33 38 15 1 
100 24 300 26 124 34 635 16 456 
0 25 124 27 124 
400 26 124 19 274 36 1812 18 1629 
0 29 1 36 1 37 49 19 49 
0 28 1 30 1 38 32 20 32 
0 29 1 31 48 39 155 21 108 
0 30 48 32 28 40 256 22 321 
0 31 28 33 51 41 49 23 36 
300 32 51 34 211 42 61 24 38 
600 33 211 35 755 43 1483 25 635 
0 34 755 36 755 
0 35 755 28 1 45 1056 27 1812 
0 38 1 45 1 46 49 28 49 
0 37 1 39 1 47 32 29 32 
0 38 1 40 1 48 155 30 155 
0 39 1 41 124 49 192 31 256 
300 40 124 42 223 50 66 32 49 
400 41 223 43 439 51 68 33 61 
500 42 439 44 85 52 1424 34 1483 
0 43 85 45 85 
300 44 85 37 1 54 1022 36 1056 
0 47 52 54 50 55 49 37 49 
0 46 52 48 111 56 171 38 32 
0 47 111 49 44 39 155 
0 48 44 50 109 58 152 40 192 
0 49 109 51 141 59 34 41 66 
700 50 141 52 467 60 42 42 68 
500 51 467 53 874 61 318 43 1424 
0 52 874 54 546 62 981 
700 53 546 46 50 63 553 45 1022 
700 56 164 63 568 64 1 46 49 
200 55 164 57 75 65 13 47 171 
0 56 75 58 75 
0 57 75 59 143 67 1 49 152 
400 58 143 60 247 68 1 50 34 
100 59 247 61 278 69 1 51 42 
300 60 278 62 306 70 96 52 318 
0 61 306 63 363 71 552 53 981 
100 62 363 55 568 72 380 54 553 
0 65 14 72 13 55 1 
0 64 14 66 1 56 13 
0 65 1 67 1 
0 66 1 68 1 58 1 
0 67 1 69 1 59 1 
0 68 1 70 1 60 1 
200 69 1 71 106 61 96 
100 70 106 72 384 62 552 
800 71 384 64 13 63 380 
