72 126 011
700 2 238 9 667 10 118 
300 1 238 3 155 11 23 
0 2 155 4 1 12 155 
0 3 1 5 1 
0 4 1 6 1 14 1 
0 5 1 7 1 15 1 
100 6 1 8 39 16 61 
0 7 39 9 39 
400 8 39 1 667 18 1012 
700 11 106 18 481 19 106 1 118 
0 10 106 12 56 20 73 2 23 
0 11 56 13 193 21 18 3 155 
0 12 193 14 1 22 193 
0 13 1 15 1 23 1 5 1 
0 14 1 16 1 24 1 6 1 
500 15 1 17 171 25 381 7 61 
0 16 171 18 171 
500 17 171 10 481 27 1680 9 1012 
500 20 263 27 529 28 74 10 106 
400 19 263 21 147 29 24 11 73 
0 20 147 22 37 30 129 12 18 
0 21 37 23 97 31 198 13 193 
200 22 97 24 136 32 42 14 1 
300 23 136 25 306 33 47 15 1 
200 24 306 26 172 34 626 16 381 
0 25 172 27 172 
400 26 172 19 529 36 1911 18 1680 
0 29 1 36 1 37 74 19 74 
0 28 1 30 1 38 24 20 24 
0 29 1 31 1 39 129 21 129 
0 30 1 32 18 40 180 22 198 
0 31 18 33 42 41 55 23 42 
300 32 42 34 209 42 80 24 47 
600 33 209 35 1169 43 1816 25 626 
0 34 1169 36 1169 
0 35 1169 28 1 45 740 27 1911 
0 38 1 45 1 46 74 28 74 
0 37 1 39 19 47 42 29 24 
0 38 19 40 111 30 129 
0 39 111 41 130 49 197 31 180 
300 40 130 42 215 50 56 32 55 
700 41 215 43 648 51 125 33 80 
500 42 648 44 1 52 1631 34 1816 
0 43 1 45 1 
0 44 1 37 1 54 740 36 740 
0 47 1 54 1 55 74 37 74 
0 46 1 48 1 56 42 38 42 
0 47 1 49 1 
0 48 1 50 42 58 155 40 197 
0 49 42 51 78 59 21 41 56 
700 50 78 52 506 60 88 42 125 
300 51 506 53 870 61 500 43 1631 
0 52 870 54 481 62 794 
700 53 481 46 1 63 451 45 740 
700 56 100 63 525 64 1 46 74 
0 55 100 57 56 65 1 47 42 
0 56 56 58 56 
0 57 56 59 142 67 8 49 155 
400 58 142 60 255 68 1 50 21 
100 59 255 61 260 69 22 51 88 
300 60 260 62 128 70 121 52 500 
0 61 128 63 358 71 521 53 794 
100 62 358 55 525 72 286 54 451 
0 65 1 72 1 55 1 
0 64 1 66 1 56 1 
0 65 1 67 1 
0 66 1 68 8 58 8 
0 67 8 69 8 59 1 
100 68 8 70 71 60 22 
200 69 71 71 150 61 121 
100 70 150 72 309 62 521 
600 71 309 64 1 63 286 
