72 126 011
0 2 1 9 1 10 1 
400 1 1 3 113 11 458 
0 2 113 4 113 
400 3 113 5 293 13 550 
400 4 293 6 96 14 14 
0 5 96 7 55 15 41 
0 6 55 8 55 
0 7 55 9 1 17 55 
0 8 1 1 1 18 1 
500 11 306 18 9 1 1 19 185 
300 10 306 12 534 2 458 20 340 
0 11 534 13 957 21 1365 
600 12 957 14 17 4 550 22 95 
0 13 17 15 17 5 14 23 14 
0 14 17 16 1 6 41 24 58 
0 15 1 17 1 
0 16 1 18 8 8 55 26 63 
0 17 8 10 9 9 1 27 1 
0 20 356 27 513 10 185 28 290 
100 19 356 21 115 11 340 29 502 
300 20 115 22 617 30 1830 12 1365 
500 21 617 23 302 13 95 31 39 
400 22 302 24 87 14 14 32 17 
0 23 87 25 24 15 58 33 122 
0 24 24 26 24 
0 25 24 27 90 17 63 35 82 
700 26 90 19 513 18 1 36 86 
800 29 503 36 14 19 290 37 405 
300 28 503 30 528 20 502 38 1034 
200 29 528 31 1 39 1355 21 1830 
0 30 1 32 1 22 39 40 39 
0 31 1 33 1 23 17 41 17 
0 32 1 34 30 24 122 42 152 
0 33 30 35 30 
0 34 30 36 13 26 82 44 66 
0 35 13 28 14 27 86 45 86 
700 38 857 45 367 28 405 46 534 
0 37 857 39 813 29 1034 
300 38 813 40 1 48 2104 30 1355 
0 39 1 41 1 31 39 49 39 
0 40 1 42 1 32 17 50 17 
0 41 1 43 39 33 152 51 157 
0 42 39 44 39 
0 43 39 45 64 35 66 53 57 
500 44 64 37 367 36 86 54 94 
700 47 529 54 293 37 534 55 208 
0 46 529 48 529 
500 47 529 49 406 39 2104 57 1572 
500 48 406 50 30 40 39 58 26 
0 49 30 51 9 41 17 59 39 
0 50 9 52 96 42 157 60 69 
0 51 96 53 31 61 99 
0 52 31 54 51 44 57 62 51 
400 53 51 46 293 45 94 63 69 
0 56 238 63 446 46 208 64 1 
0 55 238 57 238 
200 56 238 58 586 48 1572 66 831 
300 57 586 59 337 49 26 67 21 
500 58 337 60 121 50 39 68 13 
0 59 121 61 52 51 69 69 1 
0 60 52 62 123 70 5 52 99 
200 61 123 63 141 53 51 71 1 
500 62 141 55 446 54 69 72 1 
0 65 1 72 1 55 1 
0 64 1 66 1 
600 65 1 67 267 57 831 
300 66 267 68 18 58 21 
0 67 18 69 5 59 13 
0 68 5 70 5 60 1 
0 69 5 71 1 61 5 
0 70 1 72 1 62 1 
0 71 1 64 1 63 1 
