72 128 011
700 2 285 9 562 10 123 
300 1 285 3 230 11 69 
0 2 230 4 211 12 19 
0 3 211 5 1 13 211 
0 4 1 6 1 14 1 
0 5 1 7 1 15 1 
100 6 1 8 34 16 66 
0 7 34 9 34 
400 8 34 1 562 18 877 
700 11 104 18 473 19 156 1 123 
0 10 104 12 58 20 76 2 69 
0 11 58 13 13 21 64 3 19 
0 12 13 14 1 22 224 4 211 
0 13 1 15 1 23 1 5 1 
0 14 1 16 1 24 1 6 1 
500 15 1 17 177 25 380 7 66 
0 16 177 18 177 
500 17 177 10 473 27 1526 9 877 
500 20 235 27 494 28 123 10 156 
400 19 235 21 153 29 47 11 76 
0 20 153 22 27 30 190 12 64 
0 21 27 23 79 31 197 13 224 
200 22 79 24 135 32 63 14 1 
300 23 135 25 301 33 48 15 1 
200 24 301 26 828 34 1259 16 380 
0 25 828 27 828 
400 26 828 19 494 36 1046 18 1526 
0 29 1 36 1 37 123 19 123 
0 28 1 30 1 38 47 20 47 
0 29 1 31 11 39 179 21 190 
0 30 11 32 19 40 189 22 197 
0 31 19 33 32 41 66 23 63 
300 32 32 34 209 42 91 24 48 
600 33 209 35 1 43 1250 25 1259 
0 34 1 36 1 
0 35 1 28 1 45 1046 27 1046 
0 38 1 45 1 46 123 28 123 
0 37 1 39 19 47 66 29 47 
0 38 19 40 160 30 179 
0 39 160 41 204 49 183 31 189 
300 40 204 42 298 50 29 32 66 
700 41 298 43 593 51 176 33 91 
500 42 593 44 639 52 432 34 1250 
0 43 639 45 554 53 1199 
0 44 554 37 1 54 487 36 1046 
0 47 1 54 1 55 123 37 123 
0 46 1 48 1 56 66 38 66 
0 47 1 49 1 
0 48 1 50 44 58 139 40 183 
0 49 44 51 44 59 29 41 29 
700 50 44 52 499 60 101 42 176 
300 51 499 53 495 61 255 43 432 
0 52 495 54 258 62 902 44 1199 
500 53 258 46 1 63 373 45 487 
700 56 104 63 473 64 1 46 123 
0 55 104 57 58 65 22 47 66 
0 56 58 58 58 
0 57 58 59 127 67 6 49 139 
400 58 127 60 259 68 1 50 29 
100 59 259 61 251 69 20 51 101 
300 60 251 62 287 70 121 52 255 
0 61 287 63 356 71 346 53 902 
100 62 356 55 473 72 263 54 373 
0 65 22 72 22 55 1 
0 64 22 66 1 56 22 
0 65 1 67 1 
0 66 1 68 6 58 6 
0 67 6 69 6 59 1 
100 68 6 70 75 60 20 
0 69 75 71 56 61 121 
100 70 56 72 310 62 346 
600 71 310 64 22 63 263 
