72 127 011
700 2 239 9 633 10 97 
300 1 239 3 176 11 58 
0 2 176 4 176 12 1 
0 3 176 5 1 13 176 
0 4 1 6 1 14 1 
0 5 1 7 1 15 1 
100 6 1 8 30 16 70 
0 7 30 9 30 
500 8 30 1 633 18 1051 
400 11 58 18 278 19 114 1 97 
0 10 58 12 41 20 54 2 58 
0 11 41 13 17 21 24 3 1 
0 12 17 14 1 22 193 4 176 
0 13 1 15 1 23 1 5 1 
0 14 1 16 1 24 1 6 1 
500 15 1 17 150 25 412 7 70 
0 16 150 18 150 
500 17 150 10 278 27 1562 9 1051 
500 20 152 27 429 28 96 10 114 
200 19 152 21 120 29 39 11 54 
0 20 120 22 35 30 109 12 24 
0 21 35 23 133 31 156 13 193 
500 22 133 24 264 32 144 14 1 
300 23 264 25 425 33 73 15 1 
200 24 425 26 1396 34 1914 16 412 
0 25 1396 27 1396 
400 26 1396 19 429 36 552 18 1562 
0 29 1 36 1 37 96 19 96 
0 28 1 30 1 38 39 20 39 
0 29 1 31 109 21 109 
0 30 109 32 25 40 239 22 156 
0 31 25 33 66 41 134 23 144 
600 32 66 34 398 42 177 24 73 
600 33 398 35 43 43 1931 25 1914 
0 34 43 36 43 
100 35 43 28 1 45 551 27 552 
0 38 1 45 1 46 96 28 96 
0 37 1 39 1 47 39 29 39 
0 38 1 40 1 
0 39 1 41 101 49 174 31 239 
300 40 101 42 295 50 27 32 134 
700 41 295 43 596 51 311 33 177 
300 42 596 44 723 52 1037 34 1931 
0 43 723 45 132 53 857 
0 44 132 37 1 54 417 36 551 
0 47 1 54 1 55 96 37 96 
0 46 1 48 1 56 39 38 39 
0 47 1 49 1 
0 48 1 50 29 58 144 40 174 
0 49 29 51 29 59 27 41 27 
700 50 29 52 463 60 227 42 311 
300 51 463 53 129 61 664 43 1037 
300 52 129 54 290 62 673 44 857 
500 53 290 46 1 63 319 45 417 
700 56 103 63 499 64 1 46 96 
0 55 103 57 73 65 10 47 39 
0 56 73 58 73 
0 57 73 59 117 67 4 49 144 
400 58 117 60 299 68 1 50 27 
500 59 299 61 504 69 22 51 227 
300 60 504 62 152 70 202 52 664 
0 61 152 63 335 71 304 53 673 
0 62 335 55 499 72 236 54 319 
0 65 10 72 10 55 1 
0 64 10 66 1 56 10 
0 65 1 67 1 
0 66 1 68 4 58 4 
0 67 4 69 4 59 1 
100 68 4 70 74 60 22 
0 69 74 71 137 61 202 
100 70 137 72 348 62 304 
600 71 348 64 10 63 236 
