72 128 011
700 2 223 9 618 10 97 
300 1 223 3 176 11 73 
0 2 176 4 51 12 126 
0 3 51 5 1 13 51 
0 4 1 6 1 14 1 
0 5 1 7 1 15 1 
100 6 1 8 29 16 71 
0 7 29 9 29 
500 8 29 1 618 18 1035 
400 11 58 18 278 19 114 1 97 
0 10 58 12 41 20 69 2 73 
0 11 41 13 1 21 166 3 126 
0 12 1 14 1 22 51 4 51 
0 13 1 15 1 23 1 5 1 
0 14 1 16 1 24 1 6 1 
500 15 1 17 471 25 829 7 71 
0 16 471 18 471 
500 17 471 10 278 27 1130 9 1035 
500 20 146 27 422 28 96 10 114 
200 19 146 21 118 29 63 11 69 
0 20 118 22 52 30 233 12 166 
0 21 52 23 133 31 30 13 51 
500 22 133 24 264 32 144 14 1 
300 23 264 25 448 33 50 15 1 
200 24 448 26 209 34 1072 16 829 
0 25 209 27 209 
400 26 209 19 422 36 1396 18 1130 
0 29 1 36 1 37 96 19 96 
0 28 1 30 1 38 63 20 63 
0 29 1 31 233 21 233 
0 30 233 32 25 40 238 22 30 
0 31 25 33 132 41 37 23 144 
600 32 132 34 398 42 251 24 50 
600 33 398 35 520 43 572 25 1072 
0 34 520 36 1203 44 1675 
100 35 1203 28 1 45 235 27 1396 
0 38 1 45 1 46 96 28 96 
0 37 1 39 1 47 63 29 63 
0 38 1 40 1 
0 39 1 41 101 49 172 31 238 
300 40 101 42 228 50 27 32 37 
700 41 228 43 596 51 288 33 251 
300 42 596 44 467 52 569 34 572 
0 43 467 45 1 53 1509 35 1675 
0 44 1 37 1 54 235 36 235 
0 47 9 54 8 55 96 37 96 
0 46 9 48 49 56 102 38 63 
0 47 49 49 49 
0 48 49 50 29 58 95 40 172 
0 49 29 51 29 59 27 41 27 
700 50 29 52 463 60 205 42 288 
300 51 463 53 738 61 926 43 569 
300 52 738 54 290 62 594 44 1509 
500 53 290 46 8 63 145 45 235 
700 56 103 63 499 64 1 46 96 
0 55 103 57 24 65 25 47 102 
0 56 24 58 24 
0 57 24 59 117 67 3 49 95 
400 58 117 60 299 68 1 50 27 
500 59 299 61 527 69 22 51 205 
300 60 527 62 114 70 282 52 926 
0 61 114 63 335 71 385 53 594 
0 62 335 55 499 72 62 54 145 
0 65 26 72 25 55 1 
0 64 26 66 1 56 25 
0 65 1 67 1 
0 66 1 68 3 58 3 
0 67 3 69 3 59 1 
100 68 3 70 76 60 22 
0 69 76 71 215 61 282 
100 70 215 72 507 62 385 
600 71 507 64 25 63 62 
