72 126 011
400 2 196 9 407 10 50 
300 1 196 3 155 11 66 
0 2 155 4 1 12 155 
0 3 1 5 1 13 1 
0 4 1 6 1 14 1 
0 5 1 7 1 15 1 
200 6 1 8 37 16 163 
0 7 37 9 37 
500 8 37 1 407 18 838 
400 11 68 18 281 19 72 1 50 
0 10 68 12 50 20 63 2 66 
0 11 50 13 1 21 205 3 155 
0 12 1 14 1 22 1 4 1 
0 13 1 15 1 23 1 5 1 
0 14 1 16 1 24 1 6 1 
500 15 1 17 514 25 966 7 163 
0 16 514 18 514 
500 17 514 10 281 27 894 9 838 
500 20 162 27 429 28 59 10 72 
200 19 162 21 133 29 58 11 63 
0 20 133 22 338 12 205 
0 21 338 23 104 31 280 13 1 
500 22 104 24 268 32 127 14 1 
0 23 268 25 268 33 1 15 1 
200 24 268 26 223 34 1096 16 966 
0 25 223 27 223 
700 26 223 19 429 36 1311 18 894 
0 29 1 36 1 37 59 19 59 
0 28 1 30 1 38 58 20 58 
0 29 1 31 1 
0 30 1 32 27 40 253 22 280 
0 31 27 33 113 41 41 23 127 
600 32 113 34 391 42 213 24 1 
100 33 391 35 453 43 609 25 1096 
0 34 453 36 1108 44 1527 
100 35 1108 28 1 45 237 27 1311 
0 38 1 45 1 46 59 28 59 
0 37 1 39 1 47 58 29 58 
0 38 1 40 1 
0 39 1 41 135 49 164 31 253 
500 40 135 42 386 50 36 32 41 
700 41 386 43 701 51 274 33 213 
300 42 701 44 325 52 453 34 609 
400 43 325 45 1 53 1410 35 1527 
0 44 1 37 1 54 237 36 237 
0 47 9 54 9 55 59 37 59 
0 46 9 48 45 56 94 38 58 
0 47 45 49 45 
0 48 45 50 27 58 91 40 164 
0 49 27 51 27 59 36 41 36 
600 50 27 52 391 60 202 42 274 
300 51 391 53 669 61 715 43 453 
300 52 669 54 285 62 526 44 1410 
500 53 285 46 9 63 132 45 237 
500 56 86 63 355 64 1 46 59 
0 55 86 57 18 65 27 47 94 
0 56 18 58 18 
0 57 18 59 105 67 4 49 91 
400 58 105 60 303 68 1 50 36 
500 59 303 61 555 69 49 51 202 
0 60 555 62 320 52 715 
0 61 320 63 222 71 642 53 526 
0 62 222 55 355 72 55 54 132 
0 65 28 72 27 55 1 
0 64 28 66 1 56 27 
0 65 1 67 1 
0 66 1 68 4 58 4 
0 67 4 69 4 59 1 
100 68 4 70 48 60 49 
0 69 48 71 48 
100 70 48 72 512 62 642 
600 71 512 64 27 63 55 
