72 128 011
400 2 182 9 394 10 50 
300 1 182 3 155 11 80 
0 2 155 4 1 12 155 
0 3 1 5 1 13 1 
0 4 1 6 1 14 1 
0 5 1 7 1 15 1 
200 6 1 8 120 16 277 
0 7 120 9 120 
500 8 120 1 394 18 710 
400 11 54 18 295 19 72 1 50 
0 10 54 12 36 20 76 2 80 
0 11 36 13 1 21 191 3 155 
0 12 1 14 1 22 1 4 1 
0 13 1 15 1 23 1 5 1 
0 14 1 16 1 24 1 6 1 
500 15 1 17 95 25 633 7 277 
0 16 95 18 95 
500 17 95 10 295 27 1229 9 710 
500 20 164 27 467 28 59 10 72 
200 19 164 21 93 29 73 11 76 
0 20 93 22 284 12 191 
0 21 284 23 81 31 203 13 1 
500 22 81 24 377 32 41 14 1 
0 23 377 25 291 33 86 15 1 
200 24 291 26 461 34 391 16 633 
0 25 461 27 1736 35 1911 
700 26 1736 19 467 36 167 18 1229 
0 29 2 36 2 37 59 19 59 
0 28 2 30 1 38 71 20 73 
0 29 1 31 1 
0 30 1 32 27 40 176 22 203 
0 31 27 33 27 41 41 23 41 
600 32 27 34 391 42 213 24 86 
100 33 391 35 279 43 469 25 391 
0 34 279 36 63 44 1822 26 1911 
100 35 63 28 2 45 145 27 167 
0 38 1 45 1 46 59 28 59 
0 37 1 39 23 47 94 29 71 
0 38 23 40 23 
0 39 23 41 135 49 64 31 176 
500 40 135 42 386 50 36 32 41 
700 41 386 43 701 51 274 33 213 
300 42 701 44 1025 52 1231 34 469 
400 43 1025 45 1 53 787 35 1822 
0 44 1 37 1 54 145 36 145 
0 47 23 54 22 55 59 37 59 
0 46 23 48 1 56 72 38 94 
0 47 1 49 1 
0 48 1 50 16 58 48 40 64 
0 49 16 51 16 59 36 41 36 
600 50 16 52 402 60 202 42 274 
300 51 402 53 240 61 833 43 1231 
300 52 240 54 285 62 552 44 787 
500 53 285 46 22 63 54 45 145 
500 56 64 63 350 64 27 46 59 
0 55 64 57 18 65 27 47 72 
0 56 18 58 18 66 1 
0 57 18 59 66 67 1 49 48 
400 58 66 60 330 68 1 50 36 
500 59 330 61 596 69 52 51 202 
0 60 596 62 396 52 833 
0 61 396 63 323 71 644 53 552 
0 62 323 55 350 72 27 54 54 
0 65 28 72 54 55 27 
0 64 28 66 1 56 27 
0 65 1 67 1 57 1 
0 66 1 68 1 58 1 
0 67 1 69 1 59 1 
100 68 1 70 50 60 52 
0 69 50 71 50 
100 70 50 72 512 62 644 
600 71 512 64 54 63 27 
