72 126 011
400 2 76 9 296 10 46 
0 1 76 3 68 11 7 
0 2 68 4 1 12 68 
0 3 1 5 3 13 3 
0 4 3 6 3 14 1 
0 5 3 7 3 15 1 
200 6 3 8 181 16 346 
0 7 181 9 181 
500 8 181 1 296 18 563 
400 11 77 18 298 19 63 1 46 
0 10 77 12 70 20 14 2 7 
0 11 70 13 139 3 68 
0 12 139 14 26 22 169 4 3 
0 13 26 15 48 23 22 5 1 
500 14 48 16 402 24 66 6 1 
500 15 402 17 141 25 923 7 346 
0 16 141 18 141 
600 17 141 10 298 27 1124 9 563 
400 20 162 27 416 28 53 10 63 
200 19 162 21 101 29 34 11 14 
0 20 101 22 101 
200 21 101 23 128 31 215 13 169 
500 22 128 24 377 32 44 14 22 
0 23 377 25 284 33 159 15 66 
100 24 284 26 668 34 414 16 923 
0 25 668 27 1588 35 1925 
700 26 1588 19 416 36 186 18 1124 
0 29 3 36 3 37 53 19 53 
0 28 3 30 2 38 33 20 34 
0 29 2 31 2 
0 30 2 32 21 40 193 22 215 
0 31 21 33 21 41 44 23 44 
600 32 21 34 391 42 240 24 159 
100 33 391 35 188 43 475 25 414 
300 34 188 36 63 44 1851 26 1925 
100 35 63 28 3 45 169 27 186 
0 38 3 45 3 46 53 28 53 
0 37 3 39 69 47 98 29 33 
0 38 69 40 69 
0 39 69 41 106 49 63 31 193 
500 40 106 42 377 50 44 32 44 
400 41 377 43 504 51 239 33 240 
300 42 504 44 583 52 802 34 475 
400 43 583 45 61 53 1228 35 1851 
100 44 61 37 3 54 153 36 169 
0 47 18 54 17 55 53 37 53 
0 46 18 48 1 56 80 38 98 
0 47 1 49 1 
0 48 1 50 10 58 52 40 63 
0 49 10 51 10 59 44 41 44 
600 50 10 52 579 60 335 42 239 
0 51 579 53 464 43 802 
300 52 464 54 304 62 1378 44 1228 
500 53 304 46 17 63 47 45 153 
500 56 84 63 350 64 13 46 53 
0 55 84 57 31 65 10 47 80 
0 56 31 58 31 66 1 
0 57 31 59 83 67 1 49 52 
500 58 83 60 389 68 1 50 44 
500 59 389 61 491 69 1 51 335 
0 60 491 62 491 
500 61 491 63 318 71 363 53 1378 
0 62 318 55 350 72 16 54 47 
0 65 10 72 24 55 13 
0 64 10 66 1 56 10 
0 65 1 67 1 57 1 
0 66 1 68 1 58 1 
0 67 1 69 1 59 1 
0 68 1 70 1 60 1 
0 69 1 71 1 
100 70 1 72 265 62 363 
300 71 265 64 24 63 16 
