72 128 011
400 2 76 9 314 10 28 
0 1 76 3 51 11 25 
0 2 51 4 1 12 51 
0 3 1 5 3 13 3 
0 4 3 6 3 14 1 
0 5 3 7 3 15 1 
200 6 3 8 95 16 260 
0 7 95 9 95 
500 8 95 1 314 18 666 
400 11 62 18 352 19 46 1 28 
0 10 62 12 35 20 51 2 25 
0 11 35 13 86 3 51 
0 12 86 14 17 22 107 4 3 
0 13 17 15 17 23 1 5 1 
500 14 17 16 394 24 88 6 1 
500 15 394 17 562 25 354 7 260 
0 16 562 18 1190 26 1545 
600 17 1190 10 352 27 190 9 666 
400 20 152 27 370 28 35 10 46 
200 19 152 21 101 29 78 11 51 
0 20 101 22 101 
200 21 101 23 137 31 162 13 107 
500 22 137 24 408 32 44 14 1 
0 23 408 25 293 33 159 15 88 
100 24 293 26 167 34 468 16 354 
0 25 167 27 735 35 1981 17 1545 
700 26 735 19 370 36 102 18 190 
0 29 3 36 3 37 35 19 35 
0 28 3 30 12 38 87 20 78 
0 29 12 31 12 
0 30 12 32 21 40 130 22 162 
0 31 21 33 21 41 44 23 44 
600 32 21 34 391 42 240 24 159 
100 33 391 35 1017 43 1421 25 468 
300 34 1017 36 61 44 1013 26 1981 
100 35 61 28 3 45 88 27 102 
0 38 3 45 3 46 35 28 35 
0 37 3 39 1 47 83 29 87 
0 38 1 40 1 
0 39 1 41 88 49 86 31 130 
500 40 88 42 394 50 44 32 44 
400 41 394 43 522 51 239 33 240 
300 42 522 44 111 52 1195 34 1421 
400 43 111 45 61 53 926 35 1013 
100 44 61 37 3 54 71 36 88 
0 47 18 54 48 55 66 37 35 
0 46 18 48 35 56 31 38 83 
0 47 35 49 58 57 93 
0 48 58 50 19 58 9 40 86 
0 49 19 51 19 59 44 41 44 
600 50 19 52 862 60 627 42 239 
0 51 862 53 574 43 1195 
300 52 574 54 388 62 1101 44 926 
500 53 388 46 48 63 18 45 71 
500 56 102 63 319 64 13 46 66 
0 55 102 57 75 65 5 47 31 
0 56 75 58 57 66 5 48 93 
0 57 57 59 66 67 1 49 9 
500 58 66 60 407 68 1 50 44 
500 59 407 61 217 69 1 51 627 
0 60 217 62 217 
500 61 217 63 318 71 360 53 1101 
0 62 318 55 319 72 18 54 18 
0 65 10 72 24 55 13 
0 64 10 66 5 56 5 
0 65 5 67 1 57 5 
0 66 1 68 1 58 1 
0 67 1 69 1 59 1 
0 68 1 70 1 60 1 
0 69 1 71 1 
100 70 1 72 262 62 360 
300 71 262 64 24 63 18 
