72 126 011
400 2 139 9 313 10 13 
0 1 139 3 100 11 38 
0 2 100 4 100 
0 3 100 5 1 13 100 
0 4 1 6 1 14 1 
0 5 1 7 1 15 1 
200 6 1 8 96 16 260 
0 7 96 9 96 
800 8 96 1 313 18 898 
0 11 33 18 31 19 13 1 13 
0 10 33 12 10 20 61 2 38 
0 11 10 13 10 
0 12 10 14 28 22 138 4 100 
0 13 28 15 28 23 1 5 1 
500 14 28 16 298 24 173 6 1 
300 15 298 17 439 25 214 7 260 
0 16 439 18 1168 26 1527 
600 17 1168 10 31 27 163 9 898 
400 20 130 27 320 28 16 10 13 
0 19 130 21 40 29 151 11 61 
0 20 40 22 40 
200 21 40 23 156 31 227 13 138 
700 22 156 24 549 32 80 14 1 
0 23 549 25 394 33 271 15 173 
100 24 394 26 192 34 414 16 214 
300 25 192 27 686 35 2013 17 1527 
700 26 686 19 320 36 68 18 163 
0 29 1 36 1 37 16 19 16 
0 28 1 30 55 38 206 20 151 
0 29 55 31 55 
0 30 55 32 32 40 179 22 227 
0 31 32 33 32 41 80 23 80 
800 32 32 34 489 42 392 24 271 
100 33 489 35 508 43 875 25 414 
300 34 508 36 1 44 1555 26 2013 
0 35 1 28 1 45 68 27 68 
0 38 5 45 6 46 16 28 16 
0 37 5 39 57 47 175 29 206 
0 38 57 40 57 
300 39 57 41 177 49 170 31 179 
500 40 177 42 452 50 88 32 80 
400 41 452 43 682 51 496 33 392 
0 42 682 44 687 34 875 
400 43 687 45 61 53 2139 35 1555 
100 44 61 37 6 54 57 36 68 
0 47 28 54 52 55 40 37 16 
0 46 28 48 102 56 62 38 175 
0 47 102 49 75 57 151 
0 48 75 50 103 58 62 40 170 
400 49 103 51 321 59 65 41 88 
600 50 321 52 500 60 326 42 496 
0 51 500 53 500 
500 52 500 54 380 62 1550 44 2139 
500 53 380 46 52 63 29 45 57 
500 56 146 63 335 64 12 46 40 
0 55 146 57 89 65 5 47 62 
0 56 89 58 52 66 77 48 151 
0 57 52 59 80 67 50 49 62 
500 58 80 60 355 68 1 50 65 
400 59 355 61 432 69 47 51 326 
0 60 432 62 432 
500 61 432 63 562 71 384 53 1550 
300 62 562 55 335 72 22 54 29 
0 65 17 72 29 55 12 
0 64 17 66 12 56 5 
0 65 12 67 74 57 77 
200 66 74 68 79 58 50 
0 67 79 69 79 59 1 
0 68 79 70 33 60 47 
0 69 33 71 33 
100 70 33 72 255 62 384 
300 71 255 64 29 63 22 
