72 128 011
400 2 103 9 336 10 13 
0 1 103 3 52 11 52 
0 2 52 4 52 
0 3 52 5 1 13 52 
0 4 1 6 1 14 1 
0 5 1 7 1 15 1 
200 6 1 8 106 16 94 
0 7 106 9 862 17 945 
800 8 862 1 336 18 154 
0 11 20 18 19 19 13 1 13 
0 10 20 12 10 20 61 2 52 
0 11 10 13 10 
0 12 10 14 28 22 90 4 52 
0 13 28 15 28 23 1 5 1 
500 14 28 16 298 24 173 6 1 
300 15 298 17 224 25 419 7 94 
0 16 224 18 459 26 1381 8 945 
600 17 459 10 19 27 154 9 154 
400 20 139 27 311 28 16 10 13 
0 19 139 21 42 29 162 11 61 
0 20 42 22 42 
200 21 42 23 156 31 177 13 90 
700 22 156 24 549 32 80 14 1 
0 23 549 25 394 33 271 15 173 
100 24 394 26 905 34 1384 16 419 
300 25 905 27 622 35 1036 17 1381 
700 26 622 19 311 36 114 18 154 
0 29 1 36 1 37 16 19 16 
0 28 1 30 1 38 162 20 162 
0 29 1 31 1 
0 30 1 32 32 40 184 22 177 
0 31 32 33 32 41 80 23 80 
800 32 32 34 489 42 392 24 271 
100 33 489 35 75 43 1363 25 1384 
300 34 75 36 1 44 1060 26 1036 
0 35 1 28 1 45 114 27 114 
0 38 5 45 38 46 49 28 16 
0 37 5 39 139 47 26 29 162 
0 38 139 40 172 48 220 
300 39 172 41 229 49 71 31 184 
500 40 229 42 512 50 88 32 80 
400 41 512 43 948 51 783 33 392 
0 42 948 44 878 34 1363 
400 43 878 45 71 53 1825 35 1060 
100 44 71 37 38 54 80 36 114 
0 47 28 54 48 55 69 37 49 
0 46 28 48 28 56 26 38 26 
0 47 28 49 29 57 212 39 220 
0 48 29 50 51 58 62 40 71 
400 49 51 51 294 59 65 41 88 
600 50 294 52 267 60 326 42 783 
0 51 267 53 267 
500 52 267 54 380 62 1470 44 1825 
500 53 380 46 48 63 56 45 80 
500 56 146 63 307 64 12 46 69 
0 55 146 57 143 65 49 47 26 
0 56 143 58 52 66 57 48 212 
0 57 52 59 80 67 50 49 62 
500 58 80 60 355 68 1 50 65 
400 59 355 61 435 69 108 51 326 
0 60 435 62 435 
500 61 435 63 507 71 299 53 1470 
300 62 507 55 307 72 22 54 56 
0 65 40 72 53 55 12 
0 64 40 66 18 56 49 
0 65 18 67 74 57 57 
200 66 74 68 79 58 50 
0 67 79 69 79 59 1 
0 68 79 70 31 60 108 
0 69 31 71 31 
100 70 31 72 235 62 299 
300 71 235 64 53 63 22 
