72 127 011
500 2 166 9 412 10 17 
0 1 166 3 52 11 114 
0 2 52 4 52 
0 3 52 5 1 13 52 
0 4 1 6 1 14 1 
0 5 1 7 1 15 1 
300 6 1 8 149 16 151 
0 7 149 9 868 17 972 
800 8 868 1 412 18 161 
0 11 51 18 49 19 17 1 17 
0 10 51 12 10 20 155 2 114 
0 11 10 13 10 
0 12 10 14 33 22 95 4 52 
0 13 33 15 33 23 1 5 1 
500 14 33 16 282 24 185 6 1 
300 15 282 17 227 25 441 7 151 
200 16 227 18 422 26 1440 8 972 
600 17 422 10 49 27 150 9 161 
400 20 161 27 306 28 17 10 17 
0 19 161 21 42 29 277 11 155 
0 20 42 22 42 
200 21 42 23 174 31 169 13 95 
700 22 174 24 548 32 78 14 1 
100 23 548 25 437 33 309 15 185 
100 24 437 26 448 34 860 16 441 
300 25 448 27 584 35 1456 17 1440 
600 26 584 19 306 36 39 18 150 
0 29 1 36 1 37 17 19 17 
0 28 1 30 1 38 277 20 277 
0 29 1 31 1 
0 30 1 32 50 40 194 22 169 
0 31 50 33 50 41 78 23 78 
800 32 50 34 660 42 613 24 309 
0 33 660 35 567 25 860 
300 34 567 36 1 44 2002 26 1456 
0 35 1 28 1 45 39 27 39 
0 38 8 45 20 46 28 28 17 
0 37 8 39 264 47 18 29 277 
0 38 264 40 132 48 259 
300 39 132 41 188 49 117 31 194 
400 40 188 42 409 50 84 32 78 
400 41 409 43 442 51 592 33 613 
0 42 442 44 442 
300 43 442 45 75 53 1777 35 2002 
100 44 75 37 20 54 20 36 39 
0 47 1 54 1 55 28 37 28 
0 46 1 48 1 56 18 38 18 
0 47 1 49 37 57 235 39 259 
0 48 37 50 70 58 117 40 117 
400 49 70 51 277 59 63 41 84 
500 50 277 52 385 60 438 42 592 
0 51 385 53 385 
500 52 385 54 1 62 1339 44 1777 
0 53 1 46 1 63 20 45 20 
200 56 82 63 154 64 5 46 28 
0 55 82 57 98 65 51 47 18 
0 56 98 58 142 66 51 48 235 
300 57 142 59 214 67 47 49 117 
500 58 214 60 475 68 1 50 63 
400 59 475 61 462 69 155 51 438 
0 60 462 62 462 
500 61 462 63 357 71 276 53 1339 
300 62 357 55 154 72 10 54 20 
0 65 47 72 52 55 5 
0 64 47 66 13 56 51 
0 65 13 67 64 57 51 
200 66 64 68 92 58 47 
0 67 92 69 92 59 1 
0 68 92 70 64 60 155 
0 69 64 71 64 
100 70 64 72 247 62 276 
300 71 247 64 52 63 10 
