72 128 011
500 2 216 9 402 10 17 
0 1 216 3 52 11 164 
0 2 52 4 52 
0 3 52 5 1 13 52 
0 4 1 6 1 14 1 
0 5 1 7 1 15 1 
300 6 1 8 84 16 216 
0 7 84 9 820 17 857 
800 8 820 1 402 18 161 
0 11 61 18 59 19 17 1 17 
0 10 61 12 1 20 225 2 164 
0 11 1 13 1 
0 12 1 14 21 22 73 4 52 
0 13 21 15 21 23 1 5 1 
500 14 21 16 282 24 197 6 1 
300 15 282 17 547 25 1000 7 216 
200 16 547 18 412 26 820 8 857 
600 17 412 10 59 27 150 9 161 
400 20 188 27 316 28 1 10 17 
0 19 188 21 50 29 363 11 225 
0 20 50 22 50 
200 21 50 23 189 31 178 13 73 
700 22 189 24 529 32 78 14 1 
100 23 529 25 417 33 321 15 197 
100 24 417 26 256 34 1035 16 1000 
300 25 256 27 584 35 1201 17 820 
600 26 584 19 316 36 29 18 150 
0 29 13 36 13 37 1 19 1 
0 28 13 30 308 38 68 20 363 
0 29 308 31 73 39 383 
0 30 73 32 48 40 82 22 178 
0 31 48 33 48 41 78 23 78 
800 32 48 34 775 42 816 24 321 
0 33 775 35 598 25 1035 
300 34 598 36 13 44 1765 26 1201 
0 35 13 28 13 45 29 27 29 
0 38 8 45 10 46 2 28 1 
0 37 8 39 7 47 70 29 68 
0 38 7 40 145 48 319 30 383 
300 39 145 41 201 49 89 31 82 
400 40 201 42 388 50 84 32 78 
400 41 388 43 260 51 621 33 816 
0 42 260 44 260 
300 43 260 45 75 53 1691 35 1765 
100 44 75 37 10 54 20 36 29 
0 47 1 54 1 55 2 37 2 
0 46 1 48 102 56 174 38 70 
0 47 102 49 37 57 192 39 319 
0 48 37 50 70 58 89 40 89 
400 49 70 51 277 59 63 41 84 
500 50 277 52 678 60 899 42 621 
0 51 678 53 678 
500 52 678 54 1 62 820 44 1691 
0 53 1 46 1 63 20 45 20 
200 56 131 63 131 64 5 46 2 
0 55 131 57 28 65 84 47 174 
0 56 28 58 142 66 78 48 192 
300 57 142 59 226 67 32 49 89 
500 58 226 60 488 68 1 50 63 
400 59 488 61 156 69 158 51 899 
0 60 156 62 156 
500 61 156 63 333 71 227 53 820 
300 62 333 55 131 72 10 54 20 
0 65 78 72 84 55 5 
0 64 78 66 15 56 84 
0 65 15 67 92 57 78 
200 66 92 68 79 58 32 
0 67 79 69 79 59 1 
0 68 79 70 81 60 158 
0 69 81 71 81 
100 70 81 72 218 62 227 
300 71 218 64 84 63 10 
