72 126 011
500 2 270 9 430 10 17 
0 1 270 3 1 11 270 
0 2 1 4 1 
0 3 1 5 1 13 1 
0 4 1 6 1 14 1 
0 5 1 7 1 15 1 
300 6 1 8 64 16 236 
400 7 64 9 756 17 1065 
800 8 756 1 430 18 172 
0 11 96 18 93 19 17 1 17 
0 10 96 12 1 20 366 2 270 
0 11 1 13 1 
0 12 1 14 38 22 38 4 1 
0 13 38 15 38 23 1 5 1 
500 14 38 16 256 24 206 6 1 
300 15 256 17 351 25 730 7 236 
200 16 351 18 457 26 1205 8 1065 
700 17 457 10 93 27 154 9 172 
400 20 208 27 337 28 1 10 17 
0 19 208 21 206 29 368 11 366 
0 20 206 22 206 
600 21 206 23 283 31 322 13 38 
700 22 283 24 616 32 72 14 1 
100 23 616 25 702 33 570 15 206 
0 24 702 26 498 16 730 
300 25 498 27 564 35 1893 17 1205 
600 26 564 19 337 36 15 18 154 
0 29 1 36 1 37 1 19 1 
0 28 1 30 294 38 74 20 368 
0 29 294 31 110 39 362 
0 30 110 32 205 40 140 22 322 
300 31 205 33 326 41 76 23 72 
800 32 326 34 458 42 770 24 570 
0 33 458 35 458 
0 34 458 36 1 44 1668 26 1893 
0 35 1 28 1 45 15 27 15 
0 38 1 45 1 46 1 28 1 
0 37 1 39 1 47 74 29 74 
0 38 1 40 126 48 275 30 362 
300 39 126 41 210 49 108 31 140 
400 40 210 42 393 50 59 32 76 
500 41 393 43 366 51 726 33 770 
0 42 366 44 366 
300 43 366 45 1 53 1323 35 1668 
0 44 1 37 1 54 15 36 15 
0 47 1 54 1 55 1 37 1 
0 46 1 48 87 56 163 38 74 
0 47 87 49 37 57 162 39 275 
0 48 37 50 83 58 94 40 108 
400 49 83 51 267 59 15 41 59 
500 50 267 52 659 60 904 42 726 
0 51 659 53 659 
500 52 659 54 1 62 399 44 1323 
0 53 1 46 1 63 15 45 15 
200 56 181 63 149 64 1 46 1 
0 55 181 57 22 47 163 
0 56 22 58 98 66 86 48 162 
300 57 98 59 160 67 25 49 94 
100 58 160 60 204 68 1 50 15 
400 59 204 61 144 69 322 51 904 
0 60 144 62 144 
200 61 144 63 299 71 66 53 399 
300 62 299 55 149 72 1 54 15 
0 65 1 72 1 55 1 
0 64 1 66 1 
0 65 1 67 86 57 86 
200 66 86 68 92 58 25 
0 67 92 69 92 59 1 
200 68 92 70 37 60 322 
0 69 37 71 37 
100 70 37 72 1 62 66 
0 71 1 64 1 63 1 
