72 128 011
500 2 270 9 430 10 17 
0 1 270 3 1 11 270 
0 2 1 4 1 
0 3 1 5 1 13 1 
0 4 1 6 1 14 1 
0 5 1 7 1 15 1 
300 6 1 8 409 16 625 
400 7 409 9 756 17 675 
800 8 756 1 430 18 172 
0 11 96 18 93 19 17 1 17 
0 10 96 12 1 20 366 2 270 
0 11 1 13 1 
0 12 1 14 34 22 34 4 1 
0 13 34 15 34 23 1 5 1 
500 14 34 16 248 24 218 6 1 
300 15 248 17 154 25 868 7 625 
200 16 154 18 457 26 1059 8 675 
700 17 457 10 93 27 154 9 172 
400 20 249 27 350 28 1 10 17 
0 19 249 21 541 29 74 11 366 
0 20 541 22 367 30 502 
600 21 367 23 384 31 89 13 34 
700 22 384 24 681 32 72 14 1 
100 23 681 25 782 33 857 15 218 
0 24 782 26 423 16 868 
300 25 423 27 568 35 1631 17 1059 
600 26 568 19 350 36 15 18 154 
0 29 1 36 1 37 1 19 1 
0 28 1 30 1 38 74 20 74 
0 29 1 31 53 39 510 21 502 
0 30 53 32 83 40 89 22 89 
300 31 83 33 204 41 76 23 72 
800 32 204 34 271 42 829 24 857 
0 33 271 35 271 
0 34 271 36 1 44 1512 26 1631 
0 35 1 28 1 45 15 27 15 
0 38 1 45 1 46 1 28 1 
0 37 1 39 148 47 225 29 74 
0 38 148 40 126 48 271 30 510 
300 39 126 41 222 49 69 31 89 
400 40 222 42 406 50 59 32 76 
500 41 406 43 759 51 1270 33 829 
0 42 759 44 759 
300 43 759 45 1 53 670 35 1512 
0 44 1 37 1 54 15 36 15 
0 47 25 54 25 55 1 37 1 
0 46 25 48 7 56 206 38 225 
0 47 7 49 37 57 241 39 271 
0 48 37 50 83 58 56 40 69 
400 49 83 51 267 59 15 41 59 
500 50 267 52 121 60 802 42 1270 
0 51 121 53 121 
500 52 121 54 25 62 417 44 670 
0 53 25 46 25 63 15 45 15 
200 56 223 63 165 64 7 46 1 
0 55 223 57 22 47 206 
0 56 22 58 177 66 86 48 241 
300 57 177 59 154 67 23 49 56 
100 58 154 60 190 68 2 50 15 
400 59 190 61 209 69 166 51 802 
0 60 209 62 289 70 163 
200 61 289 63 280 71 53 53 417 
300 62 280 55 165 72 1 54 15 
0 65 1 72 7 55 7 
0 64 1 66 1 
0 65 1 67 86 57 86 
200 66 86 68 93 58 23 
0 67 93 69 92 59 2 
200 68 92 70 123 60 166 
0 69 123 71 44 61 163 
100 70 44 72 7 62 53 
0 71 7 64 7 63 1 
