72 126 011
500 2 261 9 393 10 17 
0 1 261 3 1 11 261 
0 2 1 4 1 
0 3 1 5 5 13 5 
0 4 5 6 5 14 1 
100 5 5 7 51 15 44 
300 6 51 8 111 16 360 
400 7 111 9 627 17 847 
600 8 627 1 393 18 140 
0 11 101 18 99 19 17 1 17 
0 10 101 12 1 20 362 2 261 
0 11 1 13 1 
0 12 1 14 40 22 45 4 5 
0 13 40 15 40 23 1 5 1 
500 14 40 16 396 24 373 6 44 
0 15 396 17 333 7 360 
200 16 333 18 424 26 1558 8 847 
700 17 424 10 99 27 176 9 140 
400 20 185 27 330 28 40 10 17 
0 19 185 21 487 29 59 11 362 
0 20 487 22 305 30 466 
600 21 305 23 271 31 116 13 45 
300 22 271 24 370 32 37 14 1 
100 23 370 25 200 33 566 15 373 
0 24 200 26 200 
400 25 200 27 545 35 1867 17 1558 
600 26 545 19 330 36 77 18 176 
0 29 1 36 1 37 40 19 40 
0 28 1 30 1 38 59 20 59 
0 29 1 31 27 39 448 21 466 
0 30 27 32 65 40 123 22 116 
300 31 65 33 199 41 59 23 37 
600 32 199 34 285 42 811 24 566 
0 33 285 35 285 
0 34 285 36 1 44 1627 26 1867 
0 35 1 28 1 45 77 27 77 
0 38 1 45 1 46 40 28 40 
0 37 1 39 36 47 95 29 59 
0 38 36 40 223 48 294 30 448 
600 39 223 41 364 49 108 31 123 
400 40 364 42 545 50 66 32 59 
500 41 545 43 928 51 1518 33 811 
0 42 928 44 928 
300 43 928 45 1 53 670 35 1627 
0 44 1 37 1 54 77 36 77 
0 47 95 54 35 55 99 37 40 
0 46 95 48 1 38 95 
0 47 1 49 64 57 253 39 294 
0 48 64 50 151 58 55 40 108 
700 49 151 51 481 59 14 41 66 
500 50 481 52 251 60 948 42 1518 
0 51 251 53 251 
700 52 251 54 36 62 445 44 670 
0 53 36 46 35 63 77 45 77 
200 56 172 63 265 64 2 46 99 
0 55 172 57 172 
0 56 172 58 130 66 1 48 253 
300 57 130 59 157 67 1 49 55 
100 58 157 60 201 68 1 50 14 
300 59 201 61 411 69 172 51 948 
0 60 411 62 393 70 179 
200 61 393 63 539 71 51 53 445 
700 62 539 55 265 72 1 54 77 
0 65 1 72 2 55 2 
0 64 1 66 1 
0 65 1 67 1 57 1 
0 66 1 68 1 58 1 
0 67 1 69 1 59 1 
200 68 1 70 33 60 172 
100 69 33 71 51 61 179 
100 70 51 72 2 62 51 
0 71 2 64 2 63 1 
