72 128 011
0 2 1 9 1 10 1 
400 1 1 3 205 11 195 
0 2 205 4 604 12 749 
400 3 604 5 331 13 89 
400 4 331 6 72 14 14 
0 5 72 7 24 15 48 
0 6 24 8 24 
0 7 24 9 1 17 24 
0 8 1 1 1 18 1 
500 11 306 18 9 1 1 19 185 
300 10 306 12 192 2 195 20 529 
0 11 192 13 497 21 1208 3 749 
600 12 497 14 10 4 89 22 95 
0 13 10 15 10 5 14 23 14 
0 14 10 16 1 6 48 24 58 
0 15 1 17 1 
0 16 1 18 8 8 24 26 33 
0 17 8 10 9 9 1 27 1 
0 20 356 27 513 10 185 28 290 
100 19 356 21 872 11 529 29 1464 
300 20 872 22 562 30 844 12 1208 
500 21 562 23 292 13 95 31 83 
400 22 292 24 98 14 14 32 17 
0 23 98 25 24 15 58 33 132 
0 24 24 26 24 
0 25 24 27 90 17 33 35 52 
700 26 90 19 513 18 1 36 86 
800 29 503 36 1 19 290 37 419 
300 28 503 30 54 20 1464 38 1503 
200 29 54 31 1 39 863 21 844 
0 30 1 32 1 22 83 40 83 
0 31 1 33 1 23 17 41 17 
0 32 1 34 1 24 132 42 132 
0 33 1 35 1 
0 34 1 36 1 26 52 44 52 
0 35 1 28 1 27 86 45 86 
700 38 1096 45 371 28 419 46 780 
0 37 1096 39 1020 29 1503 
300 38 1020 40 1 48 1818 30 863 
0 39 1 41 22 31 83 49 62 
0 40 22 42 1 32 17 50 39 
0 41 1 43 105 33 132 51 27 
0 42 105 44 82 52 153 
0 43 82 45 60 35 52 53 30 
500 44 60 37 371 36 86 54 94 
700 47 308 54 307 37 780 55 222 
0 46 308 48 308 
500 47 308 49 406 39 1818 57 1504 
500 48 406 50 30 40 62 58 49 
0 49 30 51 9 41 39 59 60 
0 50 9 52 9 42 27 60 27 
0 51 9 53 31 61 165 43 153 
0 52 31 54 38 44 30 62 36 
400 53 38 46 307 45 94 63 69 
0 56 189 63 460 46 222 64 49 
0 55 189 57 189 
200 56 189 58 542 48 1504 66 759 
300 57 542 59 316 49 49 67 21 
500 58 316 60 121 50 60 68 13 
0 59 121 61 122 51 27 69 28 
0 60 122 62 123 70 1 52 165 
200 61 123 63 155 53 36 71 1 
500 62 155 55 460 54 69 72 1 
0 65 49 72 1 55 49 
0 64 49 66 49 
600 65 49 67 244 57 759 
300 66 244 68 41 58 21 
0 67 41 69 28 59 13 
0 68 28 70 1 60 28 
0 69 1 71 1 61 1 
0 70 1 72 1 62 1 
0 71 1 64 1 63 1 
