72 128 011
500 2 261 9 393 10 17 
0 1 261 3 1 11 261 
0 2 1 4 1 
0 3 1 5 7 13 6 
0 4 7 6 7 14 1 
100 5 7 7 48 15 45 
300 6 48 8 111 16 357 
400 7 111 9 627 17 847 
600 8 627 1 393 18 140 
0 11 142 18 184 19 61 1 17 
0 10 142 12 344 20 59 2 261 
0 11 344 13 10 21 354 
0 12 10 14 8 22 5 4 6 
0 13 8 15 8 23 1 5 1 
500 14 8 16 350 24 451 6 45 
0 15 350 17 284 7 357 
200 16 284 18 382 26 1468 8 847 
700 17 382 10 184 27 132 9 140 
400 20 185 27 287 28 40 10 61 
0 19 185 21 133 29 111 11 59 
0 20 133 22 276 30 437 12 354 
600 21 276 23 302 31 116 13 5 
300 22 302 24 436 32 37 14 1 
100 23 436 25 177 33 656 15 451 
0 24 177 26 177 
400 25 177 27 545 35 1755 17 1468 
600 26 545 19 287 36 77 18 132 
0 29 1 36 1 37 40 19 40 
0 28 1 30 100 38 211 20 111 
0 29 100 31 27 39 319 21 437 
0 30 27 32 65 40 123 22 116 
300 31 65 33 199 41 59 23 37 
600 32 199 34 856 42 1515 24 656 
0 33 856 35 856 
0 34 856 36 1 44 900 26 1755 
0 35 1 28 1 45 77 27 77 
0 38 1 45 1 46 40 28 40 
0 37 1 39 1 47 211 29 211 
0 38 1 40 223 48 200 30 319 
600 39 223 41 364 49 108 31 123 
400 40 364 42 545 50 66 32 59 
500 41 545 43 90 51 1337 33 1515 
0 42 90 44 90 
300 43 90 45 1 53 829 35 900 
0 44 1 37 1 54 77 36 77 
0 47 159 54 73 55 203 37 40 
0 46 159 48 51 38 211 
0 47 51 49 105 57 169 39 200 
0 48 105 50 181 58 32 40 108 
700 49 181 51 439 59 37 41 66 
500 50 439 52 662 60 316 42 1337 
0 51 662 53 552 61 754 
700 52 552 54 74 62 304 44 829 
0 53 74 46 73 63 77 45 77 
200 56 88 63 192 64 2 46 203 
0 55 88 57 88 
0 56 88 58 130 66 1 48 169 
300 57 130 59 169 67 1 49 32 
100 58 169 60 201 68 1 50 37 
300 59 201 61 249 69 103 51 316 
0 60 249 62 407 70 249 52 754 
200 61 407 63 500 71 50 53 304 
700 62 500 55 192 72 1 54 77 
0 65 1 72 2 55 2 
0 64 1 66 1 
0 65 1 67 1 57 1 
0 66 1 68 1 58 1 
0 67 1 69 1 59 1 
200 68 1 70 99 60 103 
100 69 99 71 52 61 249 
100 70 52 72 2 62 50 
0 71 2 64 2 63 1 
