72 126 011
300 2 200 9 245 10 23 
0 1 200 3 1 11 200 
0 2 1 4 1 
0 3 1 5 1 13 1 
0 4 1 6 1 14 1 
100 5 1 7 38 15 62 
0 6 38 8 38 
400 7 38 9 542 17 897 
600 8 542 1 245 18 102 
0 11 99 18 143 19 69 1 23 
0 10 99 12 281 20 18 2 200 
0 11 281 13 1 21 281 
0 12 1 14 1 22 1 4 1 
0 13 1 15 1 23 1 5 1 
500 14 1 16 165 24 388 6 62 
0 15 165 17 165 
500 16 165 18 437 26 1547 8 897 
700 17 437 10 143 27 101 9 102 
400 20 201 27 272 28 24 10 69 
0 19 201 21 67 29 151 11 18 
0 20 67 22 227 30 278 12 281 
600 21 227 23 323 31 136 13 1 
300 22 323 24 458 32 46 14 1 
200 23 458 25 212 33 689 15 388 
0 24 212 26 212 
400 25 212 27 486 35 1707 17 1547 
500 26 486 19 272 36 74 18 101 
0 29 1 36 1 37 24 19 24 
0 28 1 30 1 38 151 20 151 
0 29 1 31 18 39 260 21 278 
0 30 18 32 60 40 146 22 136 
300 31 60 33 192 41 79 23 46 
600 32 192 34 1163 42 1834 24 689 
0 33 1163 35 1163 
0 34 1163 36 1 44 545 26 1707 
0 35 1 28 1 45 74 27 74 
0 38 19 45 1 46 42 28 24 
0 37 19 39 133 29 151 
0 38 133 40 210 48 257 30 260 
600 39 210 41 379 49 116 31 146 
700 40 379 42 728 50 124 32 79 
500 41 728 43 1 51 1556 33 1834 
0 42 1 44 1 
0 43 1 45 1 53 545 35 545 
0 44 1 37 1 54 74 36 74 
0 47 1 54 1 55 42 37 42 
0 46 1 48 1 
0 47 1 49 42 57 215 39 257 
0 48 42 50 126 58 31 40 116 
700 49 126 51 465 59 93 41 124 
300 50 465 52 721 60 524 42 1556 
0 51 721 53 518 61 598 
700 52 518 54 1 62 237 44 545 
0 53 1 46 1 63 74 45 74 
0 56 99 63 140 64 1 46 42 
0 55 99 57 99 
0 56 99 58 155 66 11 48 215 
400 57 155 59 239 67 1 49 31 
100 58 239 60 235 68 25 50 93 
300 59 235 61 92 69 132 51 524 
0 60 92 62 418 70 237 52 598 
200 61 418 63 474 71 1 53 237 
700 62 474 55 140 72 1 54 74 
0 65 1 72 1 55 1 
0 64 1 66 1 
0 65 1 67 11 57 11 
0 66 11 68 11 58 1 
100 67 11 69 66 59 25 
200 68 66 70 134 60 132 
100 69 134 71 1 61 237 
0 70 1 72 1 62 1 
0 71 1 64 1 63 1 
