72 128 011
300 2 270 9 294 10 62 
0 1 270 3 252 11 18 
0 2 252 4 1 12 252 
0 3 1 5 1 13 1 
0 4 1 6 1 14 1 
100 5 1 7 32 15 68 
0 6 32 8 32 
400 7 32 9 475 17 784 
600 8 475 1 294 18 100 
0 11 99 18 140 19 69 1 62 
0 10 99 12 37 20 80 2 18 
0 11 37 13 1 21 289 3 252 
0 12 1 14 1 22 1 4 1 
0 13 1 15 1 23 1 5 1 
500 14 1 16 165 24 394 6 68 
0 15 165 17 165 
500 16 165 18 437 26 1434 8 784 
700 17 437 10 140 27 137 9 100 
400 20 201 27 272 28 24 10 69 
0 19 201 21 57 29 223 11 80 
0 20 57 22 186 30 234 12 289 
600 21 186 23 328 31 173 13 1 
300 22 328 24 463 32 46 14 1 
200 23 463 25 846 33 1331 15 394 
0 24 846 26 846 
400 25 846 27 486 35 962 17 1434 
500 26 486 19 272 36 111 18 137 
0 29 1 36 1 37 24 19 24 
0 28 1 30 10 38 213 20 223 
0 29 10 31 18 39 226 21 234 
0 30 18 32 50 40 173 22 173 
300 31 50 33 195 41 87 23 46 
600 32 195 34 1 42 1317 24 1331 
0 33 1 35 1 
0 34 1 36 1 44 962 26 962 
0 35 1 28 1 45 111 27 111 
0 38 19 45 1 46 42 28 24 
0 37 19 39 195 29 213 
0 38 195 40 281 48 215 30 226 
600 39 281 41 497 49 52 31 173 
700 40 497 42 682 50 221 32 87 
500 41 682 43 578 51 532 33 1317 
0 42 578 44 580 52 1164 
0 43 580 45 1 53 376 35 962 
0 44 1 37 1 54 111 36 111 
0 47 1 54 1 55 42 37 42 
0 46 1 48 1 
0 47 1 49 42 57 173 39 215 
0 48 42 50 42 58 52 40 52 
700 49 42 51 465 59 106 41 221 
300 50 465 52 438 60 360 42 532 
0 51 438 53 401 61 769 43 1164 
700 52 401 54 1 62 201 44 376 
0 53 1 46 1 63 111 45 111 
0 56 99 63 140 64 1 46 42 
0 55 99 57 99 
0 56 99 58 118 66 6 48 173 
400 57 118 59 244 67 1 49 52 
100 58 244 60 235 68 22 50 106 
300 59 235 61 385 69 282 51 360 
0 60 385 62 418 70 94 52 769 
200 61 418 63 437 71 1 53 201 
700 62 437 55 140 72 1 54 111 
0 65 1 72 1 55 1 
0 64 1 66 1 
0 65 1 67 6 57 6 
0 66 6 68 6 58 1 
100 67 6 69 73 59 22 
200 68 73 70 9 60 282 
100 69 9 71 1 61 94 
0 70 1 72 1 62 1 
0 71 1 64 1 63 1 
