72 127 011
300 2 195 9 236 10 50 
0 1 195 3 195 11 1 
0 2 195 4 1 12 195 
0 3 1 5 1 13 1 
0 4 1 6 1 14 1 
100 5 1 7 27 15 73 
0 6 27 8 27 
500 7 27 9 551 17 977 
600 8 551 1 236 18 70 
0 11 13 18 18 19 49 1 50 
0 10 13 12 4 20 9 2 1 
0 11 4 13 1 21 199 3 195 
0 12 1 14 1 22 1 4 1 
0 13 1 15 1 23 1 5 1 
500 14 1 16 137 24 427 6 73 
0 15 137 17 137 
500 16 137 18 70 26 1353 8 977 
100 17 70 10 18 27 75 9 70 
200 20 142 27 173 28 32 10 49 
0 19 142 21 36 29 115 11 9 
0 20 36 22 119 30 178 12 199 
500 21 119 23 268 31 171 13 1 
300 22 268 24 408 32 76 14 1 
200 23 408 25 1321 33 1850 15 427 
0 24 1321 26 1321 
400 25 1321 27 436 35 441 17 1353 
500 26 436 19 173 36 74 18 75 
0 29 1 36 1 37 32 19 32 
0 28 1 30 115 20 115 
0 29 115 31 26 39 267 21 178 
0 30 26 32 85 40 176 22 171 
600 31 85 33 375 41 183 23 76 
600 32 375 34 38 42 1888 24 1850 
0 33 38 35 38 
100 34 38 36 1 44 449 26 441 
0 35 1 28 1 45 74 27 74 
0 38 1 45 1 46 32 28 32 
0 37 1 39 1 
0 38 1 40 158 48 185 30 267 
600 39 158 41 489 49 39 31 176 
700 40 489 42 703 50 357 32 183 
300 41 703 43 673 51 1013 33 1888 
0 42 673 44 131 52 805 
0 43 131 45 1 53 316 35 449 
0 44 1 37 1 54 74 36 74 
0 47 1 54 1 55 32 37 32 
0 46 1 48 1 
0 47 1 49 30 57 154 39 185 
0 48 30 50 30 58 39 40 39 
700 49 30 51 435 59 252 41 357 
300 50 435 52 169 60 610 42 1013 
300 51 169 53 440 61 539 43 805 
700 52 440 54 1 62 169 44 316 
0 53 1 46 1 63 74 45 74 
0 56 95 63 125 64 1 46 32 
0 55 95 57 95 
0 56 95 58 107 66 4 48 154 
400 57 107 59 299 67 1 49 39 
500 58 299 60 481 68 26 50 252 
300 59 481 61 192 69 92 51 610 
0 60 192 62 409 70 83 52 539 
100 61 409 63 491 71 1 53 169 
700 62 491 55 125 72 1 54 74 
0 65 1 72 1 55 1 
0 64 1 66 1 
0 65 1 67 4 57 4 
0 66 4 68 4 58 1 
100 67 4 69 71 59 26 
0 68 71 70 20 60 92 
100 69 20 71 1 61 83 
0 70 1 72 1 62 1 
0 71 1 64 1 63 1 
