72 128 011
300 2 195 9 236 10 50 
0 1 195 3 48 11 147 
0 2 48 4 1 12 48 
0 3 1 5 1 13 1 
0 4 1 6 1 14 1 
100 5 1 7 26 15 74 
0 6 26 8 26 
500 7 26 9 551 17 976 
600 8 551 1 236 18 70 
0 11 13 18 18 19 49 1 50 
0 10 13 12 1 20 160 2 147 
0 11 1 13 1 21 48 3 48 
0 12 1 14 1 22 1 4 1 
0 13 1 15 1 23 1 5 1 
500 14 1 16 410 24 797 6 74 
0 15 410 17 410 
500 16 410 18 70 26 982 8 976 
100 17 70 10 18 27 75 9 70 
200 20 141 27 162 28 44 10 49 
0 19 141 21 40 29 261 11 160 
0 20 40 22 119 30 31 12 48 
500 21 119 23 268 31 171 13 1 
300 22 268 24 432 32 52 14 1 
200 23 432 25 216 33 1045 15 797 
0 24 216 26 216 
400 25 216 27 425 35 1259 17 982 
500 26 425 19 162 36 74 18 75 
0 29 1 36 1 37 44 19 44 
0 28 1 30 261 20 261 
0 29 261 31 26 39 266 21 31 
0 30 26 32 137 40 60 22 171 
600 31 137 33 375 41 276 23 52 
600 32 375 34 464 42 629 24 1045 
0 33 464 35 1004 43 1417 
100 34 1004 36 1 44 304 26 1259 
0 35 1 28 1 45 74 27 74 
0 38 1 45 1 46 44 28 44 
0 37 1 39 1 
0 38 1 40 158 48 183 30 266 
600 39 158 41 437 49 39 31 60 
700 40 437 42 703 50 334 32 276 
300 41 703 43 554 51 539 33 629 
0 42 554 44 1 52 1305 34 1417 
0 43 1 45 1 53 304 35 304 
0 44 1 37 1 54 74 36 74 
0 47 69 54 12 55 101 37 44 
0 46 69 48 69 
0 47 69 49 30 57 84 39 183 
0 48 30 50 30 58 39 40 39 
700 49 30 51 435 59 229 41 334 
300 50 435 52 737 60 848 42 539 
300 51 737 53 440 61 326 43 1305 
700 52 440 54 13 62 169 44 304 
0 53 13 46 12 63 74 45 74 
0 56 25 63 125 64 1 46 101 
0 55 25 57 25 
0 56 25 58 107 66 3 48 84 
400 57 107 59 299 67 1 49 39 
500 58 299 60 505 68 26 50 229 
300 59 505 61 138 69 108 51 848 
0 60 138 62 409 70 69 52 326 
100 61 409 63 491 71 1 53 169 
700 62 491 55 125 72 1 54 74 
0 65 1 72 1 55 1 
0 64 1 66 1 
0 65 1 67 3 57 3 
0 66 3 68 3 58 1 
100 67 3 69 73 59 26 
0 68 73 70 35 60 108 
100 69 35 71 1 61 69 
0 70 1 72 1 62 1 
0 71 1 64 1 63 1 
