72 126 011
300 2 153 9 189 10 48 
0 1 153 3 1 11 153 
0 2 1 4 1 12 1 
0 3 1 5 1 13 1 
0 4 1 6 1 14 1 
200 5 1 7 34 15 166 
0 6 34 8 34 
500 7 34 9 353 17 777 
300 8 353 1 189 18 33 
0 11 13 18 18 19 47 1 48 
0 10 13 12 1 20 166 2 153 
0 11 1 13 1 21 1 3 1 
0 12 1 14 1 22 1 4 1 
0 13 1 15 1 23 1 5 1 
500 14 1 16 468 24 939 6 166 
0 15 468 17 468 
500 16 468 18 72 26 726 8 777 
100 17 72 10 18 27 40 9 33 
200 20 142 27 174 28 36 10 47 
0 19 142 21 307 11 166 
0 20 307 22 96 30 263 12 1 
500 21 96 23 265 31 138 13 1 
0 22 265 24 265 32 1 14 1 
200 23 265 25 251 33 1041 15 939 
0 24 251 26 251 
700 25 251 27 446 35 1129 17 726 
500 26 446 19 174 36 45 18 40 
0 29 1 36 1 37 36 19 36 
0 28 1 30 1 
0 29 1 31 30 39 233 21 263 
0 30 30 32 127 40 41 22 138 
600 31 127 33 371 41 233 23 1 
100 32 371 34 358 42 621 24 1041 
0 33 358 35 950 43 1272 
100 34 950 36 1 44 212 26 1129 
0 35 1 28 1 45 45 27 45 
0 38 1 45 1 46 36 28 36 
0 37 1 39 1 
0 38 1 40 112 48 162 30 233 
400 39 112 41 322 49 37 31 41 
700 40 322 42 623 50 295 32 233 
300 41 623 43 315 51 426 33 621 
400 42 315 44 1 52 1099 34 1272 
0 43 1 45 1 53 212 35 212 
0 44 1 37 1 54 45 36 45 
0 47 46 54 6 55 76 37 36 
0 46 46 48 46 
0 47 46 49 30 57 86 39 162 
0 48 30 50 30 58 37 40 37 
600 49 30 51 371 59 221 41 295 
300 50 371 52 657 60 638 42 426 
300 51 657 53 189 61 246 43 1099 
300 52 189 54 6 62 138 44 212 
0 53 6 46 6 63 45 45 45 
0 56 20 63 96 64 1 46 76 
0 55 20 57 20 
0 56 20 58 102 66 5 48 86 
400 57 102 59 312 67 1 49 37 
500 58 312 60 538 68 54 50 221 
0 59 538 61 188 51 638 
0 60 188 62 312 70 146 52 246 
100 61 312 63 366 71 1 53 138 
500 62 366 55 96 72 1 54 45 
0 65 1 72 1 55 1 
0 64 1 66 1 
0 65 1 67 5 57 5 
0 66 5 68 5 58 1 
100 67 5 69 43 59 54 
0 68 43 70 43 
100 69 43 71 1 61 146 
0 70 1 72 1 62 1 
0 71 1 64 1 63 1 
