72 127 011
0 2 1 9 1 10 1 
300 1 1 3 149 11 151 
0 2 149 4 646 12 740 
400 3 646 5 389 13 76 
500 4 389 6 122 14 19 
0 5 122 7 34 15 88 
0 6 34 8 34 
0 7 34 9 1 17 34 
0 8 1 1 1 18 1 
500 11 286 18 19 1 1 19 194 
300 10 286 12 193 2 151 20 470 
200 11 193 13 489 21 1261 3 740 
600 12 489 14 24 4 76 22 53 
0 13 24 15 24 5 19 23 19 
0 14 24 16 1 6 88 24 112 
0 15 1 17 1 
0 16 1 18 19 8 34 26 53 
0 17 19 10 19 9 1 27 1 
100 20 388 27 496 10 194 28 321 
100 19 388 21 358 11 470 29 864 
300 20 358 22 295 30 1187 12 1261 
100 21 295 23 264 13 53 31 5 
400 22 264 24 108 14 19 32 19 
0 23 108 25 27 15 112 33 192 
0 24 27 26 27 
0 25 27 27 101 17 53 35 61 
700 26 101 19 496 18 1 36 90 
800 29 662 36 1 19 321 37 629 
0 28 662 30 648 20 864 
200 29 648 31 1 39 1832 21 1187 
0 30 1 32 1 22 5 40 5 
0 31 1 33 1 23 19 41 19 
0 32 1 34 1 24 192 42 192 
0 33 1 35 1 
0 34 1 36 1 26 61 44 61 
0 35 1 28 1 27 90 45 90 
700 38 526 45 291 28 629 46 489 
0 37 526 39 526 
200 38 526 40 1 48 1759 30 1832 
0 39 1 41 2 31 5 49 3 
0 40 2 42 1 32 19 50 21 
0 41 1 43 171 33 192 51 21 
0 42 171 44 48 52 189 
0 43 48 45 50 35 61 53 63 
400 44 50 37 291 36 90 54 97 
400 47 273 54 283 37 489 55 346 
0 46 273 48 273 
500 47 273 49 1 39 1759 57 1417 
0 48 1 50 1 40 3 58 3 
0 49 1 51 1 41 21 59 21 
0 50 1 52 1 42 21 60 21 
0 51 1 53 42 61 162 43 189 
0 52 42 54 58 44 63 62 78 
400 53 58 46 283 45 97 63 73 
0 56 207 63 553 46 346 64 169 
0 55 207 57 207 
200 56 207 58 394 48 1417 66 815 
300 57 394 59 157 49 3 67 9 
200 58 157 60 66 50 21 68 6 
0 59 66 61 80 51 21 69 35 
0 60 80 62 161 70 1 52 162 
400 61 161 63 268 53 78 71 1 
500 62 268 55 553 54 73 72 1 
0 65 169 72 1 55 169 
0 64 169 66 169 
800 65 169 67 257 57 815 
300 66 257 68 40 58 9 
0 67 40 69 34 59 6 
0 68 34 70 1 60 35 
0 69 1 71 1 61 1 
0 70 1 72 1 62 1 
0 71 1 64 1 63 1 
