72 128 011
300 2 153 9 180 10 57 
0 1 153 3 1 11 153 
0 2 1 4 1 12 1 
0 3 1 5 1 13 1 
0 4 1 6 1 14 1 
200 5 1 7 125 15 281 
0 6 125 8 125 
500 7 125 9 344 17 653 
300 8 344 1 180 18 33 
0 11 9 18 14 19 56 1 57 
0 10 9 12 1 20 162 2 153 
0 11 1 13 1 21 1 3 1 
0 12 1 14 1 22 1 4 1 
0 13 1 15 1 23 1 5 1 
500 14 1 16 80 24 645 6 281 
0 15 80 17 80 
500 16 80 18 76 26 1015 8 653 
100 17 76 10 14 27 40 9 33 
200 20 97 27 176 28 47 10 56 
0 19 97 21 259 11 162 
0 20 259 22 70 30 189 12 1 
500 21 70 23 388 31 41 13 1 
0 22 388 24 291 32 97 14 1 
200 23 291 25 418 33 429 15 645 
0 24 418 26 1595 34 1695 
700 25 1595 27 489 35 109 17 1015 
500 26 489 19 176 36 45 18 40 
0 29 1 36 2 37 45 19 47 
0 28 1 30 1 
0 29 1 31 30 39 159 21 189 
0 30 30 32 30 40 41 22 41 
600 31 30 33 371 41 233 23 97 
100 32 371 34 270 42 480 24 429 
0 33 270 35 63 43 1602 25 1695 
100 34 63 36 2 44 89 26 109 
0 35 2 28 2 45 45 27 45 
0 38 20 45 1 46 65 28 45 
0 37 20 39 20 
0 38 20 40 112 48 68 30 159 
400 39 112 41 322 49 37 31 41 
700 40 322 42 623 50 295 32 233 
300 41 623 43 1049 51 1190 33 480 
400 42 1049 44 1 52 524 34 1602 
0 43 1 45 1 53 89 35 89 
0 44 1 37 1 54 45 36 45 
0 47 1 54 15 55 50 37 65 
0 46 1 48 1 
0 47 1 49 18 57 50 39 68 
0 48 18 50 18 58 37 40 37 
600 49 18 51 384 59 221 41 295 
300 50 384 52 196 60 755 42 1190 
300 51 196 53 189 61 304 43 524 
300 52 189 54 15 62 24 44 89 
0 53 15 46 15 63 45 45 45 
0 56 20 63 70 64 1 46 50 
0 55 20 57 20 65 1 
0 56 20 58 70 66 1 48 50 
400 57 70 59 329 67 1 49 37 
500 58 329 60 605 68 91 50 221 
0 59 605 61 238 51 755 
0 60 238 62 452 70 115 52 304 
100 61 452 63 392 71 1 53 24 
500 62 392 55 70 72 1 54 45 
0 65 1 72 1 55 1 
0 64 1 66 1 56 1 
0 65 1 67 1 57 1 
0 66 1 68 1 58 1 
100 67 1 69 13 59 91 
0 68 13 70 13 
100 69 13 71 1 61 115 
0 70 1 72 1 62 1 
0 71 1 64 1 63 1 
