72 126 011
0 2 55 9 61 10 6 
0 1 55 3 1 11 55 
0 2 1 4 4 12 4 
0 3 4 5 4 13 1 
0 4 4 6 4 14 1 
200 5 4 7 296 15 461 
0 6 296 8 296 
500 7 296 9 234 17 387 
300 8 234 1 61 18 28 
0 11 26 18 28 19 8 1 6 
0 10 26 12 81 2 55 
0 11 81 13 28 21 114 3 4 
0 12 28 14 52 22 24 4 1 
500 13 52 15 399 23 67 5 1 
500 14 399 16 163 24 1105 6 461 
0 15 163 17 163 
600 16 163 18 86 26 770 8 387 
100 17 86 10 28 27 34 9 28 
200 20 104 27 169 28 30 10 8 
0 19 104 21 104 
200 20 104 22 120 30 176 12 114 
500 21 120 23 390 31 43 13 24 
0 22 390 24 289 32 168 14 67 
100 23 289 25 656 33 601 15 1105 
0 24 656 26 1329 34 1626 
700 25 1329 27 441 35 125 17 770 
400 26 441 19 169 36 38 18 34 
0 29 2 36 4 37 28 19 30 
0 28 2 30 2 
0 29 2 31 22 39 152 21 176 
0 30 22 32 22 40 43 22 43 
600 31 22 33 379 41 250 23 168 
100 32 379 34 137 42 599 24 601 
300 33 137 35 65 43 1606 25 1626 
100 34 65 36 4 44 110 26 125 
0 35 4 28 4 45 38 27 38 
0 38 62 45 4 46 86 28 28 
0 37 62 39 62 
0 38 62 40 79 48 49 30 152 
400 39 79 41 312 49 43 31 43 
400 40 312 42 446 50 249 32 250 
300 41 446 43 438 51 762 33 599 
400 42 438 44 65 52 1120 34 1606 
100 43 65 45 4 53 92 35 110 
0 44 4 37 4 54 38 36 38 
0 47 1 54 11 55 75 37 86 
0 46 1 48 1 
0 47 1 49 11 57 37 39 49 
0 48 11 50 11 58 43 40 43 
600 49 11 51 583 59 359 41 249 
0 50 583 52 395 42 762 
300 51 395 53 195 61 1250 43 1120 
300 52 195 54 11 62 28 44 92 
0 53 11 46 11 63 38 45 38 
0 56 33 63 90 64 1 46 75 
0 55 33 57 33 65 1 
0 56 33 58 71 66 1 48 37 
500 57 71 59 404 67 1 49 43 
500 58 404 60 476 68 1 50 359 
0 59 476 61 476 
500 60 476 62 436 70 103 52 1250 
100 61 436 63 377 71 1 53 28 
500 62 377 55 90 72 1 54 38 
0 65 1 72 1 55 1 
0 64 1 66 1 56 1 
0 65 1 67 1 57 1 
0 66 1 68 1 58 1 
0 67 1 69 1 59 1 
0 68 1 70 1 
100 69 1 71 1 61 103 
0 70 1 72 1 62 1 
0 71 1 64 1 63 1 
