72 128 011
0 2 41 9 61 10 20 
0 1 41 3 1 11 41 
0 2 1 4 4 12 4 
0 3 4 5 4 13 1 
0 4 4 6 4 14 1 
200 5 4 7 92 15 258 
0 6 92 8 92 
500 7 92 9 248 17 605 
300 8 248 1 61 18 14 
0 11 18 18 40 19 43 1 20 
0 10 18 12 59 2 41 
0 11 59 13 19 21 82 3 4 
0 12 19 14 19 22 1 4 1 
500 13 19 15 389 23 91 5 1 
500 14 389 16 530 24 378 6 258 
0 15 530 17 963 25 1336 
600 16 963 18 116 26 172 8 605 
100 17 116 10 40 27 20 9 14 
200 20 104 27 158 28 72 10 43 
0 19 104 21 104 
200 20 104 22 129 30 153 12 82 
500 21 129 23 424 31 43 13 1 
0 22 424 24 299 32 168 14 91 
100 23 299 25 177 33 477 15 378 
0 24 177 26 771 34 1787 16 1336 
700 25 771 27 391 35 82 17 172 
400 26 391 19 158 36 24 18 20 
0 29 9 36 4 37 78 19 72 
0 28 9 30 9 
0 29 9 31 22 39 122 21 153 
0 30 22 32 22 40 43 22 43 
600 31 22 33 379 41 250 23 168 
100 32 379 34 952 42 1360 24 477 
300 33 952 35 65 43 883 25 1787 
100 34 65 36 4 44 66 26 82 
0 35 4 28 4 45 24 27 24 
0 38 1 45 4 46 74 28 78 
0 37 1 39 1 
0 38 1 40 76 48 84 30 122 
400 39 76 41 316 49 43 31 43 
400 40 316 42 450 50 249 32 250 
300 41 450 43 115 51 1127 33 1360 
400 42 115 44 65 52 788 34 883 
100 43 65 45 4 53 49 35 66 
0 44 4 37 4 54 24 36 24 
0 47 38 54 11 55 25 37 74 
0 46 38 48 55 56 92 
0 47 55 49 21 57 9 39 84 
0 48 21 50 21 58 43 40 43 
600 49 21 51 852 59 638 41 249 
0 50 852 52 491 42 1127 
300 51 491 53 238 61 971 43 788 
300 52 238 54 35 62 5 44 49 
0 53 35 46 11 63 47 45 24 
0 56 79 63 104 64 1 46 25 
0 55 79 57 62 65 1 47 92 
0 56 62 58 71 66 1 48 9 
500 57 71 59 404 67 1 49 43 
500 58 404 60 197 68 1 50 638 
0 59 197 61 197 
500 60 197 62 436 70 103 52 971 
100 61 436 63 354 71 1 53 5 
500 62 354 55 104 72 1 54 47 
0 65 1 72 1 55 1 
0 64 1 66 1 56 1 
0 65 1 67 1 57 1 
0 66 1 68 1 58 1 
0 67 1 69 1 59 1 
0 68 1 70 1 
100 69 1 71 1 61 103 
0 70 1 72 1 62 1 
0 71 1 64 1 63 1 
