72 126 011
0 2 76 9 106 10 31 
0 1 76 3 76 
0 2 76 4 6 12 82 
0 3 6 5 6 13 1 
100 4 6 6 78 14 16 
200 5 78 7 103 15 324 
0 6 103 8 103 
800 7 103 9 258 17 836 
300 8 258 1 106 18 10 
0 11 10 18 34 19 55 1 31 
0 10 10 12 10 
0 11 10 13 30 21 123 3 82 
0 12 30 14 30 22 1 4 1 
500 13 30 15 302 23 175 5 16 
300 14 302 16 487 24 229 6 324 
0 15 487 17 1100 25 1491 
600 16 1100 18 35 26 168 8 836 
0 17 35 10 34 27 10 9 10 
0 20 40 27 120 28 137 10 55 
0 19 40 21 40 
200 20 40 22 144 30 205 12 123 
600 21 144 23 496 31 52 13 1 
0 22 496 24 350 32 259 14 175 
100 23 350 25 179 33 399 15 229 
300 24 179 26 703 34 1960 16 1491 
700 25 703 27 340 35 53 17 168 
400 26 340 19 120 36 17 18 10 
0 29 50 36 1 37 187 19 137 
0 28 50 30 50 
0 29 50 31 34 39 163 21 205 
0 30 34 32 34 40 52 22 52 
800 31 34 33 496 41 361 23 259 
100 32 496 34 508 42 838 24 399 
300 33 508 35 1 43 1490 25 1960 
0 34 1 36 1 44 53 26 53 
0 35 1 28 1 45 17 27 17 
0 38 52 45 6 46 152 28 187 
0 37 52 39 52 
300 38 52 40 168 48 149 30 163 
400 39 168 41 397 49 52 31 52 
400 40 397 42 653 50 464 32 361 
0 41 653 43 623 33 838 
400 42 623 44 62 52 1989 34 1490 
100 43 62 45 6 53 40 35 53 
0 44 6 37 6 54 17 36 17 
0 47 89 54 18 55 56 37 152 
0 46 89 48 51 56 132 
0 47 51 49 58 57 59 39 149 
100 48 58 50 114 58 47 40 52 
600 49 114 51 371 59 339 41 464 
0 50 371 52 371 
500 51 371 53 230 61 1504 43 1989 
300 52 230 54 35 62 17 44 40 
0 53 35 46 18 63 34 45 17 
0 56 86 63 141 64 1 46 56 
0 55 86 57 51 65 73 47 132 
0 56 51 58 81 66 46 48 59 
500 57 81 59 371 67 1 49 47 
400 58 371 60 435 68 50 50 339 
0 59 435 61 435 
500 60 435 62 764 70 136 52 1504 
500 61 764 63 385 71 1 53 17 
500 62 385 55 141 72 1 54 34 
0 65 1 72 1 55 1 
0 64 1 66 73 56 73 
200 65 73 67 84 57 46 
0 66 84 68 84 58 1 
0 67 84 69 35 59 50 
0 68 35 70 35 
100 69 35 71 1 61 136 
0 70 1 72 1 62 1 
0 71 1 64 1 63 1 
