72 128 011
0 2 42 9 86 10 45 
0 1 42 3 42 
0 2 42 4 6 12 48 
0 3 6 5 6 13 1 
100 4 6 6 78 14 16 
200 5 78 7 158 15 117 
0 6 158 8 792 16 910 
800 7 792 9 264 17 153 
300 8 264 1 86 18 10 
0 11 10 18 20 19 55 1 45 
0 10 10 12 10 
0 11 10 13 30 21 89 3 48 
0 12 30 14 30 22 1 4 1 
500 13 30 15 302 23 175 5 16 
300 14 302 16 233 24 427 6 117 
0 15 233 17 454 25 1336 7 910 
600 16 454 18 21 26 158 8 153 
0 17 21 10 20 27 10 9 10 
0 20 41 27 120 28 139 10 55 
0 19 41 21 41 
200 20 41 22 144 30 170 12 89 
600 21 144 23 496 31 52 13 1 
0 22 496 24 350 32 259 14 175 
100 23 350 25 827 33 1295 15 427 
300 24 827 26 626 34 1029 16 1336 
700 25 626 27 340 35 122 17 158 
400 26 340 19 120 36 17 18 10 
0 29 1 36 1 37 139 19 139 
0 28 1 30 1 
0 29 1 31 34 39 177 21 170 
0 30 34 32 34 40 52 22 52 
800 31 34 33 496 41 361 23 259 
100 32 496 34 75 42 1253 24 1295 
300 33 75 35 1 43 1040 25 1029 
0 34 1 36 1 44 122 26 122 
0 35 1 28 1 45 17 27 17 
0 38 129 45 6 46 13 28 139 
0 37 129 39 146 47 184 
300 38 146 40 218 48 61 30 177 
400 39 218 41 468 49 52 31 52 
400 40 468 42 865 50 691 32 361 
0 41 865 43 820 33 1253 
400 42 820 44 72 52 1725 34 1040 
100 43 72 45 41 53 83 35 122 
0 44 41 37 6 54 52 36 17 
0 47 18 54 18 55 13 37 13 
0 46 18 48 8 56 177 38 184 
0 47 8 49 14 57 59 39 61 
100 48 14 50 74 58 47 40 52 
600 49 74 51 189 59 339 41 691 
0 50 189 52 189 
500 51 189 53 230 61 1423 43 1725 
300 52 230 54 31 62 65 44 83 
0 53 31 46 18 63 65 45 52 
0 56 115 63 141 64 20 46 13 
0 55 115 57 51 65 56 47 177 
0 56 51 58 81 66 46 48 59 
500 57 81 59 371 67 1 49 47 
400 58 371 60 461 68 92 50 339 
0 59 461 61 461 
500 60 461 62 686 70 91 52 1423 
500 61 686 63 354 71 1 53 65 
500 62 354 55 141 72 1 54 65 
0 65 17 72 3 55 20 
0 64 17 66 73 56 56 
200 65 73 67 84 57 46 
0 66 84 68 84 58 1 
0 67 84 69 9 59 92 
0 68 9 70 9 
100 69 9 71 2 61 91 
0 70 2 72 2 62 1 
0 71 2 64 3 63 1 
