72 127 011
0 2 42 9 130 10 91 
0 1 42 3 42 
0 2 42 4 9 12 50 
0 3 9 5 9 13 1 
100 4 9 6 56 14 35 
300 5 56 7 204 15 147 
0 6 204 8 802 16 941 
800 7 802 9 349 17 170 
400 8 349 1 130 18 21 
0 11 11 18 51 19 133 1 91 
0 10 11 12 11 
0 11 11 13 34 21 96 3 50 
0 12 34 14 34 22 1 4 1 
500 13 34 15 291 23 201 5 35 
300 14 291 16 228 24 438 6 147 
200 15 228 17 410 25 1389 7 941 
600 16 410 18 53 26 175 8 170 
0 17 53 10 51 27 21 9 21 
0 20 53 27 137 28 249 10 133 
0 19 53 21 53 
200 20 53 22 166 30 164 12 96 
600 21 166 23 490 31 47 13 1 
100 22 490 24 395 32 304 14 201 
100 23 395 25 431 33 839 15 438 
300 24 431 26 571 34 1377 16 1389 
600 25 571 27 324 35 86 17 175 
400 26 324 19 137 36 38 18 21 
0 29 1 36 43 37 264 19 249 
0 28 1 30 1 
0 29 1 31 52 39 190 21 164 
0 30 52 32 52 40 47 22 47 
800 31 52 33 659 41 568 23 304 
0 32 659 34 575 24 839 
300 33 575 35 99 43 1919 25 1377 
0 34 99 36 136 44 53 26 86 
200 35 136 28 43 45 36 27 38 
0 38 262 45 9 46 7 28 264 
0 37 262 39 123 47 235 
300 38 123 40 176 48 103 30 190 
300 39 176 41 353 49 47 31 47 
400 40 353 42 415 50 543 32 568 
0 41 415 43 415 
300 42 415 44 73 52 1690 34 1919 
100 43 73 45 21 53 31 35 53 
0 44 21 37 9 54 48 36 36 
0 47 1 54 1 55 7 37 7 
0 46 1 48 10 56 228 38 235 
0 47 10 49 19 57 103 39 103 
100 48 19 50 70 58 43 40 47 
500 49 70 51 296 59 417 41 543 
0 50 296 52 296 
500 51 296 53 1 61 1302 43 1690 
0 52 1 54 1 62 31 44 31 
0 53 1 46 1 63 48 45 48 
0 56 76 63 93 64 15 46 7 
0 55 76 57 151 65 54 47 228 
300 56 151 58 225 66 41 48 103 
500 57 225 59 492 67 1 49 43 
400 58 492 60 497 68 111 50 417 
0 59 497 61 497 
500 60 497 62 514 70 83 52 1302 
500 61 514 63 202 71 1 53 31 
200 62 202 55 93 72 1 54 48 
0 65 12 72 3 55 15 
0 64 12 66 66 56 54 
200 65 66 67 95 57 41 
0 66 95 68 95 58 1 
0 67 95 69 17 59 111 
0 68 17 70 17 
100 69 17 71 3 61 83 
0 70 3 72 3 62 1 
0 71 3 64 3 63 1 
