72 128 011
0 2 42 9 161 10 123 
0 1 42 3 42 
0 2 42 4 7 12 49 
0 3 7 5 7 13 1 
100 4 7 6 56 14 37 
300 5 56 7 112 15 239 
0 6 112 8 772 16 818 
800 7 772 9 360 17 170 
400 8 360 1 161 18 21 
0 11 1 18 61 19 186 1 123 
0 10 1 12 1 
0 11 1 13 21 21 70 3 49 
0 12 21 14 21 22 1 4 1 
500 13 21 15 291 23 215 5 37 
300 14 291 16 517 24 1001 6 239 
200 15 517 17 400 25 784 7 818 
600 16 400 18 63 26 175 8 170 
0 17 63 10 61 27 21 9 21 
0 20 62 27 172 28 325 10 186 
0 19 62 21 62 
200 20 62 22 165 30 153 12 70 
600 21 165 23 489 31 47 13 1 
100 22 489 24 393 32 319 14 215 
100 23 393 25 257 33 1047 15 1001 
300 24 257 26 571 34 1125 16 784 
600 25 571 27 334 35 76 17 175 
400 26 334 19 172 36 14 18 21 
0 29 301 36 57 37 52 19 325 
0 28 301 30 53 38 355 
0 29 53 31 49 39 78 21 153 
0 30 49 32 49 40 47 22 47 
800 31 49 33 760 41 762 23 319 
0 32 760 34 651 24 1047 
300 33 651 35 112 43 1730 25 1125 
0 34 112 36 148 44 40 26 76 
200 35 148 28 57 45 14 27 14 
0 38 7 45 9 46 54 28 52 
0 37 7 39 133 47 277 29 355 
300 38 133 40 182 48 75 30 78 
300 39 182 41 338 49 47 31 47 
400 40 338 42 263 50 564 32 762 
0 41 263 43 263 
300 42 263 44 73 52 1644 34 1730 
100 43 73 45 12 53 31 35 40 
0 44 12 37 9 54 14 36 14 
0 47 65 54 1 55 119 37 54 
0 46 65 48 10 56 204 38 277 
0 47 10 49 19 57 75 39 75 
100 48 19 50 70 58 43 40 47 
500 49 70 51 613 59 878 41 564 
0 50 613 52 613 
500 51 613 53 1 61 815 43 1644 
0 52 1 54 1 62 31 44 31 
0 53 1 46 1 63 14 45 14 
0 56 27 63 152 64 18 46 119 
0 55 27 57 151 65 80 47 204 
300 56 151 58 238 66 26 48 75 
500 57 238 59 504 67 1 49 43 
400 58 504 60 167 68 105 50 878 
0 59 167 61 167 
500 60 167 62 490 70 76 52 815 
500 61 490 63 177 71 1 53 31 
200 62 177 55 152 72 1 54 14 
0 65 14 72 4 55 18 
0 64 14 66 94 56 80 
200 65 94 67 83 57 26 
0 66 83 68 83 58 1 
0 67 83 69 23 59 105 
0 68 23 70 23 
100 69 23 71 4 61 76 
0 70 4 72 4 62 1 
0 71 4 64 4 63 1 
