72 126 011
0 2 1 9 231 10 234 
0 1 1 3 1 
0 2 1 4 8 12 7 
0 3 8 5 8 13 1 
100 4 8 6 51 14 41 
300 5 51 7 82 15 264 
400 6 82 8 713 16 1022 
800 7 713 9 373 17 167 
400 8 373 1 231 18 17 
0 11 1 18 93 19 329 1 234 
0 10 1 12 1 
0 11 1 13 38 21 45 3 7 
0 12 38 14 38 22 1 4 1 
500 13 38 15 265 23 231 5 41 
300 14 265 16 325 24 750 6 264 
200 15 325 17 457 25 1177 7 1022 
700 16 457 18 96 26 162 8 167 
0 17 96 10 93 27 17 9 17 
0 20 197 27 173 28 345 10 329 
0 19 197 21 197 
600 20 197 22 262 30 315 12 45 
600 21 262 23 559 31 51 13 1 
100 22 559 24 659 32 560 14 231 
0 23 659 25 543 15 750 
300 24 543 26 510 34 1891 16 1177 
600 25 510 27 278 35 61 17 162 
300 26 278 19 173 36 12 18 17 
0 29 278 36 50 37 77 19 345 
0 28 278 30 78 38 358 
0 29 78 31 135 39 127 21 315 
0 30 135 32 135 40 51 22 51 
800 31 135 33 372 41 756 23 560 
0 32 372 34 372 
0 33 372 35 95 43 1753 25 1891 
0 34 95 36 131 44 25 26 61 
200 35 131 28 50 45 11 27 12 
0 38 1 45 1 46 77 28 77 
0 37 1 39 121 47 281 29 358 
300 38 121 40 189 48 108 30 127 
300 39 189 41 332 49 53 31 51 
500 40 332 42 334 50 746 32 756 
0 41 334 43 334 
300 42 334 44 1 52 1448 34 1753 
0 43 1 45 1 53 25 35 25 
0 44 1 37 1 54 11 36 11 
0 47 82 54 1 55 160 37 77 
0 46 82 48 9 56 192 38 281 
0 47 9 49 21 57 105 39 108 
100 48 21 50 67 58 50 40 53 
500 49 67 51 725 59 1164 41 746 
0 50 725 52 725 
500 51 725 53 1 61 494 43 1448 
0 52 1 54 1 62 25 44 25 
0 53 1 46 1 63 11 45 11 
0 56 39 63 199 46 160 
0 55 39 57 148 65 83 47 192 
300 56 148 58 266 66 27 48 105 
600 57 266 59 563 67 1 49 50 
400 58 563 60 192 68 322 50 1164 
0 59 192 61 192 
200 60 192 62 451 70 68 52 494 
500 61 451 63 187 71 1 53 25 
200 62 187 55 199 72 1 54 11 
0 65 1 72 1 
0 64 1 66 83 56 83 
200 65 83 67 93 57 27 
0 66 93 68 93 58 1 
200 67 93 69 35 59 322 
0 68 35 70 35 
100 69 35 71 1 61 68 
0 70 1 72 1 62 1 
0 71 1 64 1 63 1 
