72 128 011
0 2 1 9 231 10 234 
0 1 1 3 1 
0 2 1 4 8 12 7 
0 3 8 5 8 13 1 
100 4 8 6 51 14 41 
300 5 51 7 364 15 606 
400 6 364 8 713 16 681 
800 7 713 9 373 17 167 
400 8 373 1 231 18 17 
0 11 1 18 93 19 329 1 234 
0 10 1 12 1 
0 11 1 13 34 21 41 3 7 
0 12 34 14 34 22 1 4 1 
500 13 34 15 256 23 243 5 41 
300 14 256 16 153 24 850 6 606 
200 15 153 17 457 25 1069 7 681 
700 16 457 18 96 26 162 8 167 
0 17 96 10 93 27 17 9 17 
0 20 489 27 236 28 77 10 329 
0 19 489 21 397 29 535 
600 20 397 22 370 30 53 12 41 
600 21 370 23 617 31 51 13 1 
100 22 617 24 696 32 809 14 243 
0 23 696 25 461 15 850 
300 24 461 26 491 34 1638 16 1069 
600 25 491 27 357 35 25 17 162 
300 26 357 19 236 36 48 18 17 
0 29 31 36 50 37 95 19 77 
0 28 31 30 13 38 540 20 535 
0 29 13 31 13 39 53 21 53 
0 30 13 32 13 40 51 22 51 
800 31 13 33 214 41 823 23 809 
0 32 214 34 214 
0 33 214 35 95 43 1560 25 1638 
0 34 95 36 95 44 25 26 25 
200 35 95 28 50 45 11 27 48 
0 38 155 45 1 46 253 28 95 
0 37 155 39 121 47 305 29 540 
300 38 121 40 201 48 47 30 53 
300 39 201 41 345 49 53 31 51 
500 40 345 42 766 50 1326 32 823 
0 41 766 43 766 
300 42 766 44 1 52 728 34 1560 
0 43 1 45 1 53 25 35 25 
0 44 1 37 1 54 11 36 11 
0 47 2 54 25 55 229 37 253 
0 46 2 48 9 56 298 38 305 
0 47 9 49 21 57 44 39 47 
100 48 21 50 67 58 50 40 53 
500 49 67 51 125 59 1048 41 1326 
0 50 125 52 125 
500 51 125 53 25 61 497 43 728 
0 52 25 54 25 62 25 44 25 
0 53 25 46 25 63 11 45 11 
0 56 57 63 250 46 229 
0 55 57 57 272 65 83 47 298 
300 56 272 58 274 66 17 48 44 
600 57 274 59 520 67 10 49 50 
400 58 520 60 260 68 165 50 1048 
0 59 260 61 345 69 163 
200 60 345 62 424 70 55 52 497 
500 61 424 63 210 71 1 53 25 
200 62 210 55 250 72 7 54 11 
0 65 1 72 1 
0 64 1 66 83 56 83 
200 65 83 67 103 57 17 
0 66 103 68 93 58 10 
200 67 93 69 126 59 165 
0 68 126 70 41 60 163 
100 69 41 71 7 61 55 
0 70 7 72 7 62 1 
0 71 7 64 1 63 7 
