72 126 011
0 2 1 9 230 10 229 
0 1 1 3 1 
0 2 1 4 1 12 1 
0 3 1 5 1 13 1 
0 4 1 6 1 14 1 
300 5 1 7 92 15 324 
400 6 92 8 579 16 824 
600 7 579 9 326 17 133 
400 8 326 1 230 18 16 
0 11 1 18 98 19 329 1 229 
0 10 1 12 1 
0 11 1 13 40 21 39 3 1 
0 12 40 14 40 22 1 4 1 
500 13 40 15 396 23 350 5 1 
0 14 396 16 294 6 324 
200 15 294 17 433 25 1525 7 824 
700 16 433 18 100 26 175 8 133 
0 17 100 10 98 27 16 9 16 
0 20 444 27 164 28 48 10 329 
0 19 444 21 352 29 481 
600 20 352 22 319 30 105 12 39 
500 21 319 23 488 31 66 13 1 
100 22 488 24 265 32 574 14 350 
0 23 265 25 265 
400 24 265 26 504 34 1827 16 1525 
600 25 504 27 298 35 65 17 175 
300 26 298 19 164 36 73 18 16 
0 29 32 36 60 37 74 19 48 
0 28 32 30 1 38 477 20 481 
0 29 1 31 1 39 105 21 105 
0 30 1 32 1 40 66 22 66 
600 31 1 33 205 41 770 23 574 
0 32 205 34 205 
0 33 205 35 89 43 1679 25 1827 
0 34 89 36 89 44 65 26 65 
200 35 89 28 60 45 42 27 73 
0 38 35 45 1 46 109 28 74 
0 37 35 39 206 47 326 29 477 
600 38 206 40 334 48 122 30 105 
300 39 334 41 463 49 85 31 66 
500 40 463 42 1028 50 1622 32 770 
0 41 1028 43 1028 
300 42 1028 44 1 52 638 34 1679 
0 43 1 45 1 53 65 35 65 
0 44 1 37 1 54 42 36 42 
0 47 26 54 83 37 109 
0 46 26 48 63 56 312 38 326 
0 47 63 49 150 57 70 39 122 
700 48 150 50 465 58 75 40 85 
500 49 465 51 255 59 1137 41 1622 
0 50 255 52 255 
700 51 255 53 35 61 403 43 638 
0 52 35 54 35 62 65 44 65 
0 53 35 46 83 63 90 45 42 
0 56 169 63 171 
0 55 169 57 201 65 1 47 312 
300 56 201 58 260 66 1 48 70 
600 57 260 59 527 67 1 49 75 
300 58 527 60 394 68 174 50 1137 
0 59 394 61 369 69 180 
200 60 369 62 472 70 49 52 403 
600 61 472 63 250 71 1 53 65 
200 62 250 55 171 72 2 54 90 
0 65 1 72 1 
0 64 1 66 1 56 1 
0 65 1 67 1 57 1 
0 66 1 68 1 58 1 
200 67 1 69 31 59 174 
100 68 31 70 53 60 180 
100 69 53 71 2 61 49 
0 70 2 72 2 62 1 
0 71 2 64 1 63 2 
