72 128 011
0 2 1 9 230 10 229 
0 1 1 3 1 
0 2 1 4 1 12 1 
0 3 1 5 1 13 1 
0 4 1 6 1 14 1 
300 5 1 7 92 15 324 
400 6 92 8 579 16 824 
600 7 579 9 326 17 133 
400 8 326 1 230 18 16 
0 11 322 18 140 19 48 1 229 
0 10 322 12 8 20 331 
0 11 8 13 8 21 1 3 1 
0 12 8 14 8 22 1 4 1 
500 13 8 15 355 23 422 5 1 
0 14 355 16 253 6 324 
200 15 253 17 392 25 1442 7 824 
700 16 392 18 196 26 120 8 133 
0 17 196 10 140 27 71 9 16 
0 20 109 27 164 28 102 10 48 
0 19 109 21 316 29 440 11 331 
600 20 316 22 342 30 105 12 1 
500 21 342 23 561 31 66 13 1 
100 22 561 24 230 32 678 14 422 
0 23 230 25 230 
400 24 230 26 504 34 1710 16 1442 
600 25 504 27 243 35 65 17 120 
300 26 243 19 164 36 73 18 71 
0 29 109 36 60 37 234 19 102 
0 28 109 30 1 38 330 20 440 
0 29 1 31 1 39 105 21 105 
0 30 1 32 1 40 66 22 66 
600 31 1 33 754 41 1451 23 678 
0 32 754 34 754 
0 33 754 35 89 43 985 25 1710 
0 34 89 36 89 44 65 26 65 
200 35 89 28 60 45 42 27 73 
0 38 15 45 1 46 219 28 234 
0 37 15 39 206 47 229 29 330 
600 38 206 40 334 48 122 30 105 
300 39 334 41 463 49 85 31 66 
500 40 463 42 80 50 1325 32 1451 
0 41 80 43 80 
300 42 80 44 1 52 922 34 985 
0 43 1 45 1 53 65 35 65 
0 44 1 37 1 54 42 36 42 
0 47 80 54 140 37 219 
0 46 80 48 104 56 228 38 229 
0 47 104 49 204 57 22 39 122 
700 48 204 50 424 58 122 40 85 
500 49 424 51 595 59 401 41 1325 
0 50 595 52 700 60 859 
700 51 700 53 73 61 270 43 922 
0 52 73 54 73 62 65 44 65 
0 53 73 46 140 63 185 45 42 
0 56 85 63 86 
0 55 85 57 201 65 1 47 228 
300 56 201 58 247 66 1 48 22 
600 57 247 59 527 67 1 49 122 
300 58 527 60 450 68 106 50 401 
0 59 450 61 387 69 247 51 859 
200 60 387 62 442 70 49 52 270 
600 61 442 63 171 71 1 53 65 
200 62 171 55 86 72 2 54 185 
0 65 1 72 1 
0 64 1 66 1 56 1 
0 65 1 67 1 57 1 
0 66 1 68 1 58 1 
200 67 1 69 97 59 106 
100 68 97 70 53 60 247 
100 69 53 71 2 61 49 
0 70 2 72 2 62 1 
0 71 2 64 1 63 2 
