72 126 011
0 2 1 9 314 10 315 
0 1 1 3 1 
0 2 1 4 1 12 1 
0 3 1 5 1 13 1 
0 4 1 6 1 14 1 
0 5 1 7 1 
400 6 1 8 668 16 996 
600 7 668 9 402 17 110 
600 8 402 1 314 18 40 
0 11 379 18 93 19 30 1 315 
0 10 379 12 1 20 379 
0 11 1 13 1 21 1 3 1 
0 12 1 14 1 22 1 4 1 
500 13 1 15 165 23 335 5 1 
0 14 165 16 165 
500 15 165 17 445 25 1644 7 996 
700 16 445 18 127 26 90 8 110 
0 17 127 10 93 27 73 9 40 
0 20 52 27 169 28 144 10 30 
0 19 52 21 273 29 360 11 379 
600 20 273 22 364 30 120 12 1 
500 21 364 23 578 31 79 13 1 
200 22 578 24 258 32 712 14 335 
0 23 258 25 258 
400 24 258 26 446 34 1776 16 1644 
500 25 446 27 232 35 60 17 90 
300 26 232 19 169 36 15 18 73 
0 29 1 36 1 37 144 19 144 
0 28 1 30 1 38 360 20 360 
0 29 1 31 1 39 120 21 120 
0 30 1 32 1 40 79 22 79 
600 31 1 33 1160 41 1892 23 712 
0 32 1160 34 1160 
0 33 1160 35 1 43 617 25 1776 
0 34 1 36 1 44 60 26 60 
0 35 1 28 1 45 15 27 15 
0 38 114 45 30 28 144 
0 37 114 39 209 47 325 29 360 
600 38 209 40 365 48 125 30 120 
600 39 365 41 640 49 144 31 79 
500 40 640 42 1 50 1706 32 1892 
0 41 1 43 1 
0 42 1 44 1 52 617 34 617 
0 43 1 45 1 53 60 35 60 
0 44 1 37 30 54 45 36 15 
0 47 1 54 1 
0 46 1 48 52 56 273 38 325 
0 47 52 49 157 57 20 39 125 
700 48 157 50 447 58 179 40 144 
300 49 447 51 744 59 703 41 1706 
0 50 744 52 630 60 790 
700 51 630 53 1 61 207 43 617 
0 52 1 54 1 62 60 44 60 
0 53 1 46 1 63 45 45 45 
0 56 80 63 80 
0 55 80 57 221 65 12 47 273 
400 56 221 58 311 66 1 48 20 
600 57 311 59 550 67 24 49 179 
300 58 550 60 184 68 130 50 703 
300 59 184 61 390 69 238 51 790 
200 60 390 62 412 70 1 52 207 
600 61 412 63 125 71 1 53 60 
0 62 125 55 80 72 1 54 45 
0 65 1 72 1 
0 64 1 66 12 56 12 
0 65 12 67 12 57 1 
100 66 12 68 65 58 24 
200 67 65 69 135 59 130 
100 68 135 70 1 60 238 
0 69 1 71 1 61 1 
0 70 1 72 1 62 1 
0 71 1 64 1 63 1 
