72 128 011
0 2 366 9 396 10 31 
0 1 366 3 1 11 366 
0 2 1 4 1 12 1 
0 3 1 5 1 13 1 
100 4 1 6 33 14 67 
0 5 33 7 33 
400 6 33 8 593 16 885 
600 7 593 9 403 17 92 
600 8 403 1 396 18 92 
0 11 36 18 95 19 90 1 31 
0 10 36 12 1 20 402 2 366 
0 11 1 13 1 21 1 3 1 
0 12 1 14 1 22 1 4 1 
500 13 1 15 168 23 391 5 67 
0 14 168 16 168 
500 15 168 17 441 25 1504 7 885 
700 16 441 18 150 26 122 8 92 
0 17 150 10 95 27 74 9 92 
0 20 52 27 172 28 207 10 90 
0 19 52 21 205 29 310 11 402 
600 20 205 22 365 30 189 12 1 
500 21 365 23 574 31 80 13 1 
200 22 574 24 781 32 1253 14 391 
0 23 781 25 781 
400 24 781 26 441 34 1081 16 1504 
500 25 441 27 231 35 92 17 122 
300 26 231 19 172 36 15 18 74 
0 29 1 36 1 37 207 19 207 
0 28 1 30 1 38 310 20 310 
0 29 1 31 1 39 189 21 189 
0 30 1 32 1 40 80 22 80 
600 31 1 33 1 41 1255 23 1253 
0 32 1 34 1 
0 33 1 35 1 43 1081 25 1081 
0 34 1 36 1 44 92 26 92 
0 35 1 28 1 45 15 27 15 
0 38 176 45 31 28 207 
0 37 176 39 289 47 258 29 310 
600 38 289 40 534 48 57 30 189 
600 39 534 41 605 49 283 31 80 
500 40 605 42 505 50 579 32 1255 
0 41 505 43 708 51 1218 
0 42 708 44 1 52 369 34 1081 
0 43 1 45 1 53 92 35 92 
0 44 1 37 31 54 45 36 15 
0 47 1 54 1 
0 46 1 48 53 56 205 38 258 
0 47 53 49 53 57 57 39 57 
700 48 53 50 443 58 213 40 283 
300 49 443 51 420 59 431 41 579 
0 50 420 52 406 60 864 42 1218 
700 51 406 53 1 61 180 43 369 
0 52 1 54 1 62 92 44 92 
0 53 1 46 1 63 45 45 45 
0 56 81 63 81 
0 55 81 57 157 65 8 47 205 
400 56 157 58 279 66 1 48 57 
600 57 279 59 543 67 25 49 213 
300 58 543 60 571 68 282 50 431 
0 59 571 61 383 69 90 51 864 
200 60 383 62 378 70 1 52 180 
600 61 378 63 127 71 1 53 92 
0 62 127 55 81 72 1 54 45 
0 65 1 72 1 
0 64 1 66 8 56 8 
0 65 8 67 8 57 1 
100 66 8 68 69 58 25 
200 67 69 69 13 59 282 
100 68 13 70 1 60 90 
0 69 1 71 1 61 1 
0 70 1 72 1 62 1 
0 71 1 64 1 63 1 
