72 127 011
0 2 308 9 307 10 1 
0 1 308 3 1 11 308 
0 2 1 4 1 12 1 
0 3 1 5 1 13 1 
100 4 1 6 29 14 71 
0 5 29 7 29 
500 6 29 8 686 16 1082 
600 7 686 9 387 17 66 
600 8 387 1 307 18 66 
0 11 4 18 14 19 9 1 1 
0 10 4 12 1 20 313 2 308 
0 11 1 13 1 21 1 3 1 
0 12 1 14 1 22 1 4 1 
500 13 1 15 145 23 417 5 71 
0 14 145 16 145 
500 15 145 17 69 25 1402 7 1082 
100 16 69 18 18 26 70 8 66 
0 17 18 10 14 27 61 9 66 
0 20 23 27 68 28 54 10 9 
0 19 23 21 137 29 253 11 313 
500 20 137 22 310 30 164 12 1 
500 21 310 23 545 31 109 13 1 
200 22 545 24 1302 32 1817 14 417 
0 23 1302 25 1302 
400 24 1302 26 346 34 456 16 1402 
500 25 346 27 95 35 66 17 70 
0 26 95 19 68 36 33 18 61 
0 29 54 36 1 19 54 
0 28 54 30 1 38 307 20 253 
0 29 1 31 1 39 164 21 164 
0 30 1 32 1 40 109 22 109 
600 31 1 33 35 41 1862 23 1817 
0 32 35 34 35 
100 33 35 35 1 43 463 25 456 
0 34 1 36 1 44 66 26 66 
0 35 1 28 1 45 33 27 33 
0 38 1 45 1 
0 37 1 39 165 47 209 29 307 
600 38 165 40 515 48 40 30 164 
600 39 515 41 650 49 333 31 109 
300 40 650 42 578 50 1094 32 1862 
0 41 578 43 140 51 720 
0 42 140 44 1 52 321 34 463 
0 43 1 45 1 53 66 35 66 
0 44 1 37 1 54 33 36 33 
0 47 1 54 1 
0 46 1 48 39 56 170 38 209 
0 47 39 49 39 57 40 39 40 
700 48 39 50 441 58 270 40 333 
300 49 441 51 165 59 696 41 1094 
300 50 165 52 433 60 496 42 720 
700 51 433 53 1 61 157 43 321 
0 52 1 54 1 62 66 44 66 
0 53 1 46 1 63 33 45 33 
0 56 83 63 82 
0 55 83 57 126 65 6 47 170 
400 56 126 58 312 66 1 48 40 
700 57 312 59 621 67 28 49 270 
300 58 621 60 224 68 92 50 696 
0 59 224 61 351 69 81 51 496 
100 60 351 62 415 70 1 52 157 
600 61 415 63 116 71 1 53 66 
0 62 116 55 82 72 1 54 33 
0 65 1 72 1 
0 64 1 66 6 56 6 
0 65 6 67 6 57 1 
100 66 6 68 68 58 28 
0 67 68 69 23 59 92 
100 68 23 70 1 60 81 
0 69 1 71 1 61 1 
0 70 1 72 1 62 1 
0 71 1 64 1 63 1 
