72 128 011
0 2 1 9 1 10 1 
300 1 1 3 74 11 226 
0 2 74 4 616 12 635 
400 3 616 5 357 13 76 
500 4 357 6 155 14 19 
0 5 155 7 34 15 121 
0 6 34 8 34 
0 7 34 9 1 17 34 
0 8 1 1 1 18 1 
500 11 288 18 1 1 1 19 212 
300 10 288 12 576 2 226 20 1034 
300 11 576 13 479 21 712 3 635 
600 12 479 14 35 4 76 22 53 
0 13 35 15 35 5 19 23 19 
0 14 35 16 1 6 121 24 156 
0 15 1 17 1 
0 16 1 18 1 8 34 26 34 
0 17 1 10 1 9 1 27 1 
100 20 371 27 478 10 212 28 337 
100 19 371 21 167 11 1034 29 1090 
300 20 167 22 297 30 936 12 712 
100 21 297 23 266 13 53 31 5 
400 22 266 24 126 14 19 32 1 
0 23 126 25 27 15 156 33 255 
0 24 27 26 27 
0 25 27 27 120 17 34 35 62 
700 26 120 19 478 18 1 36 89 
800 29 821 36 16 19 337 37 813 
0 28 821 30 682 20 1090 
200 29 682 31 1 39 1613 21 936 
0 30 1 32 2 22 5 40 3 
0 31 2 33 1 23 1 41 2 
0 32 1 34 189 24 255 42 66 
0 33 189 35 48 43 239 
0 34 48 36 15 26 62 44 27 
0 35 15 28 16 27 89 45 89 
700 38 233 45 273 28 813 46 609 
0 37 233 39 233 
200 38 233 40 1 48 1612 30 1613 
0 39 1 41 1 31 3 49 3 
0 40 1 42 1 32 2 50 2 
0 41 1 43 1 33 66 51 66 
0 42 1 44 53 52 223 34 239 
0 43 53 45 69 35 27 53 43 
400 44 69 37 273 36 89 54 96 
400 47 415 54 285 37 609 55 694 
0 46 415 48 415 
500 47 415 49 1 39 1612 57 1035 
0 48 1 50 1 40 3 58 3 
0 49 1 51 1 41 2 59 2 
0 50 1 52 74 42 66 60 143 
0 51 74 53 42 61 120 43 223 
0 52 42 54 57 44 43 62 58 
400 53 57 46 285 45 96 63 72 
0 56 77 63 575 46 694 64 273 
0 55 77 57 77 
200 56 77 58 368 48 1035 66 677 
300 57 368 59 130 49 3 67 8 
200 58 130 60 110 50 2 68 6 
0 59 110 61 39 51 143 69 69 
0 60 39 62 159 70 1 52 120 
400 61 159 63 289 53 58 71 1 
500 62 289 55 575 54 72 72 1 
0 65 273 72 1 55 273 
0 64 273 66 273 
800 65 273 67 222 57 677 
300 66 222 68 74 58 8 
0 67 74 69 68 59 6 
0 68 68 70 1 60 69 
0 69 1 71 1 61 1 
0 70 1 72 1 62 1 
0 71 1 64 1 63 1 
