72 128 011
0 2 83 9 307 10 226 
0 1 83 3 1 11 83 
0 2 1 4 1 12 1 
0 3 1 5 1 13 1 
100 4 1 6 28 14 72 
0 5 28 7 28 
500 6 28 8 686 16 1082 
600 7 686 9 387 17 66 
600 8 387 1 307 18 66 
0 11 1 18 14 19 239 1 226 
0 10 1 12 1 20 83 2 83 
0 11 1 13 1 21 1 3 1 
0 12 1 14 1 22 1 4 1 
500 13 1 15 395 23 749 5 72 
0 14 395 16 395 
500 15 395 17 69 25 1069 7 1082 
100 16 69 18 18 26 70 8 66 
0 17 18 10 14 27 61 9 66 
0 20 27 27 68 28 280 10 239 
0 19 27 21 137 29 27 11 83 
500 20 137 22 310 30 164 12 1 
500 21 310 23 595 31 59 13 1 
200 22 595 24 165 32 983 14 749 
0 23 165 25 165 
400 24 165 26 346 34 1340 16 1069 
500 25 346 27 95 35 66 17 70 
0 26 95 19 68 36 33 18 61 
0 29 280 36 1 19 280 
0 28 280 30 1 38 307 20 27 
0 29 1 31 91 39 73 21 164 
0 30 91 32 1 40 150 22 59 
600 31 1 33 387 41 649 23 983 
0 32 387 34 1063 42 1405 
100 33 1063 35 1 43 321 25 1340 
0 34 1 36 1 44 66 26 66 
0 35 1 28 1 45 33 27 33 
0 38 1 45 1 
0 37 1 39 165 47 209 29 307 
600 38 165 40 424 48 40 30 73 
600 39 424 41 650 49 283 31 150 
300 40 650 42 519 50 578 32 649 
0 41 519 43 1 51 1286 33 1405 
0 42 1 44 1 52 321 34 321 
0 43 1 45 1 53 66 35 66 
0 44 1 37 1 54 33 36 33 
0 47 61 54 60 
0 46 61 48 39 56 110 38 209 
0 47 39 49 39 57 40 39 40 
700 48 39 50 441 58 220 40 283 
300 49 441 51 833 59 974 41 578 
300 50 833 52 433 60 268 42 1286 
700 51 433 53 1 61 157 43 321 
0 52 1 54 1 62 66 44 66 
0 53 1 46 60 63 93 45 33 
0 56 22 63 22 
0 55 22 57 126 65 6 47 110 
400 56 126 58 312 66 1 48 40 
700 57 312 59 671 67 28 49 220 
300 58 671 60 138 68 105 50 974 
0 59 138 61 351 69 67 51 268 
100 60 351 62 415 70 1 52 157 
600 61 415 63 116 71 1 53 66 
0 62 116 55 22 72 1 54 93 
0 65 1 72 1 
0 64 1 66 6 56 6 
0 65 6 67 6 57 1 
100 66 6 68 68 58 28 
0 67 68 69 36 59 105 
100 68 36 70 1 60 67 
0 69 1 71 1 61 1 
0 70 1 72 1 62 1 
0 71 1 64 1 63 1 
