72 126 011
0 2 1 9 268 10 269 
0 1 1 3 1 11 1 
0 2 1 4 1 12 1 
0 3 1 5 1 13 1 
200 4 1 6 43 14 157 
0 5 43 7 43 
500 6 43 8 475 16 860 
300 7 475 9 329 17 35 
600 8 329 1 268 18 80 
0 11 1 18 14 19 282 1 269 
0 10 1 12 1 20 1 2 1 
0 11 1 13 1 21 1 3 1 
0 12 1 14 1 22 1 4 1 
500 13 1 15 445 23 863 5 157 
0 14 445 16 445 
500 15 445 17 69 25 778 7 860 
100 16 69 18 20 26 43 8 35 
0 17 20 10 14 27 73 9 80 
0 20 354 27 71 10 282 
0 19 354 21 116 29 292 11 1 
500 20 116 22 287 30 110 12 1 
100 21 287 23 346 31 17 13 1 
200 22 346 24 181 32 881 14 863 
0 23 181 25 181 
700 24 181 26 345 34 1139 16 778 
500 25 345 27 104 35 49 17 43 
0 26 104 19 71 36 40 18 73 
0 29 1 36 1 
0 28 1 30 1 38 292 20 292 
0 29 1 31 66 39 44 21 110 
0 30 66 32 1 40 83 22 17 
100 31 1 33 215 41 665 23 881 
0 32 215 34 927 42 1113 
100 33 927 35 1 43 238 25 1139 
0 34 1 36 1 44 49 26 49 
0 35 1 28 1 45 40 27 40 
0 38 1 45 1 
0 37 1 39 128 47 208 29 292 
400 38 128 40 314 48 39 30 44 
600 39 314 41 556 49 220 31 83 
300 40 556 42 249 50 482 32 665 
0 41 249 43 1 51 1033 33 1113 
0 42 1 44 1 52 238 34 238 
0 43 1 45 1 53 49 35 49 
0 44 1 37 1 54 40 36 40 
0 47 49 54 49 
0 46 49 48 40 56 119 38 208 
0 47 40 49 40 57 39 39 39 
600 48 40 50 373 58 195 40 220 
300 49 373 51 710 59 769 41 482 
300 50 710 52 177 60 192 42 1033 
300 51 177 53 1 61 149 43 238 
0 52 1 54 1 62 49 44 49 
0 53 1 46 49 63 89 45 40 
0 56 22 63 22 
0 55 22 57 134 65 7 47 119 
400 56 134 58 321 66 1 48 39 
700 57 321 59 698 67 54 49 195 
0 58 698 60 211 50 769 
0 59 211 61 283 69 146 51 192 
100 60 283 62 351 70 1 52 149 
500 61 351 63 111 71 1 53 49 
0 62 111 55 22 72 1 54 89 
0 65 1 72 1 
0 64 1 66 7 56 7 
0 65 7 67 7 57 1 
100 66 7 68 42 58 54 
0 67 42 69 42 
100 68 42 70 1 60 146 
0 69 1 71 1 61 1 
0 70 1 72 1 62 1 
0 71 1 64 1 63 1 
