72 128 011
0 2 1 9 256 10 257 
0 1 1 3 1 11 1 
0 2 1 4 1 12 1 
0 3 1 5 1 13 1 
200 4 1 6 165 14 309 
0 5 165 7 165 
500 6 165 8 474 16 713 
300 7 474 9 322 17 34 
600 8 322 1 256 18 96 
0 11 1 18 9 19 266 1 257 
0 10 1 12 1 20 1 2 1 
0 11 1 13 1 21 1 3 1 
0 12 1 14 1 22 1 4 1 
500 13 1 15 88 23 642 5 309 
0 14 88 16 88 
500 15 88 17 74 25 1028 7 713 
100 16 74 18 15 26 41 8 34 
0 17 15 10 9 27 89 9 96 
0 20 314 27 47 10 266 
0 19 314 21 85 29 229 11 1 
500 20 85 22 385 30 42 12 1 
100 21 385 23 383 31 79 13 1 
200 22 383 24 442 32 425 14 642 
0 23 442 25 1492 33 1624 
700 24 1492 26 372 34 116 16 1028 
500 25 372 27 79 35 47 17 41 
0 26 79 19 47 36 57 18 89 
0 29 1 36 1 
0 28 1 30 1 38 229 20 229 
0 29 1 31 1 39 42 21 42 
0 30 1 32 1 40 79 22 79 
100 31 1 33 43 41 451 23 425 
0 32 43 34 61 42 1627 24 1624 
100 33 61 35 1 43 91 25 116 
0 34 1 36 1 44 47 26 47 
0 35 1 28 1 45 57 27 57 
0 38 21 45 21 
0 37 21 39 122 47 127 29 229 
400 38 122 40 317 48 38 30 42 
600 39 317 41 575 49 211 31 79 
300 40 575 42 1098 50 1242 32 451 
400 41 1098 43 1 51 520 33 1627 
0 42 1 44 1 52 91 34 91 
0 43 1 45 1 53 47 35 47 
0 44 1 37 21 54 78 36 57 
0 47 1 54 1 
0 46 1 48 38 56 89 38 127 
0 47 38 49 38 57 38 39 38 
600 48 38 50 383 58 187 40 211 
300 49 383 51 209 59 848 41 1242 
300 50 209 52 182 60 322 42 520 
300 51 182 53 19 61 25 43 91 
0 52 19 54 19 62 47 44 47 
0 53 19 46 1 63 59 45 78 
0 56 21 63 21 64 1 
0 55 21 57 110 65 1 47 89 
400 56 110 58 355 66 1 48 38 
700 57 355 59 771 67 90 49 187 
0 58 771 60 209 50 848 
0 59 209 61 440 69 115 51 322 
100 60 440 62 384 70 1 52 25 
500 61 384 63 80 71 1 53 47 
0 62 80 55 21 72 1 54 59 
0 65 1 72 1 55 1 
0 64 1 66 1 56 1 
0 65 1 67 1 57 1 
100 66 1 68 13 58 90 
0 67 13 69 13 
100 68 13 70 1 60 115 
0 69 1 71 1 61 1 
0 70 1 72 1 62 1 
0 71 1 64 1 63 1 
