72 126 011
0 2 1 9 174 10 171 
0 1 1 3 4 11 4 
0 2 4 4 4 12 1 
0 3 4 5 4 13 1 
200 4 4 6 308 14 461 
0 5 308 7 308 
500 6 308 8 367 16 478 
300 7 367 9 198 17 28 
300 8 198 1 174 18 42 
0 11 197 18 27 1 171 
0 10 197 12 23 20 208 2 4 
0 11 23 13 38 21 14 3 1 
300 12 38 14 244 22 37 4 1 
500 13 244 15 115 23 960 5 461 
0 14 115 16 115 
600 15 115 17 86 25 873 7 478 
100 16 86 18 29 26 34 8 28 
0 17 29 10 27 27 40 9 42 
0 20 56 27 55 
200 19 56 21 129 29 235 11 208 
500 20 129 22 400 30 43 12 14 
100 21 400 23 349 31 163 13 37 
100 22 349 24 601 32 526 14 960 
0 23 601 25 1352 33 1641 
700 24 1352 26 329 34 128 16 873 
400 25 329 27 67 35 38 17 34 
0 26 67 19 55 36 28 18 40 
0 29 2 36 2 
0 28 2 30 1 38 233 20 235 
0 29 1 31 1 39 43 21 43 
0 30 1 32 1 40 163 22 163 
100 31 1 33 19 41 538 23 526 
300 32 19 34 64 42 1682 24 1641 
100 33 64 35 2 43 110 25 128 
0 34 2 36 2 44 38 26 38 
0 35 2 28 2 45 28 27 28 
0 38 62 45 62 
0 37 62 39 106 47 103 29 233 
400 38 106 40 331 48 43 30 43 
800 39 331 41 713 49 271 31 163 
300 40 713 42 531 50 716 32 538 
400 41 531 43 64 51 1167 33 1682 
100 42 64 44 5 52 92 34 110 
0 43 5 45 5 53 38 35 38 
0 44 5 37 62 54 85 36 28 
0 47 1 54 1 
0 46 1 48 28 56 75 38 103 
0 47 28 49 28 57 43 39 43 
600 48 28 50 571 58 407 40 271 
0 49 571 51 365 41 716 
300 50 365 52 193 60 1291 42 1167 
300 51 193 53 14 61 28 43 92 
0 52 14 54 14 62 38 44 38 
0 53 14 46 1 63 71 45 85 
0 56 24 63 24 64 1 
0 55 24 57 99 65 1 47 75 
500 56 99 58 422 66 1 48 43 
700 57 422 59 575 67 1 49 407 
0 58 575 60 575 
500 59 575 61 432 69 104 51 1291 
100 60 432 62 375 70 1 52 28 
500 61 375 63 96 71 1 53 38 
0 62 96 55 24 72 1 54 71 
0 65 1 72 1 55 1 
0 64 1 66 1 56 1 
0 65 1 67 1 57 1 
0 66 1 68 1 58 1 
0 67 1 69 1 
100 68 1 70 1 60 104 
0 69 1 71 1 61 1 
0 70 1 72 1 62 1 
0 71 1 64 1 63 1 
