72 128 011
0 2 1 9 122 10 120 
0 1 1 3 4 11 4 
0 2 4 4 4 12 1 
0 3 4 5 4 13 1 
200 4 4 6 96 14 251 
0 5 96 7 96 
500 6 96 8 416 16 736 
300 7 416 9 234 17 14 
300 8 234 1 122 18 59 
0 11 138 18 18 1 120 
0 10 138 12 14 20 139 2 4 
0 11 14 13 14 21 1 3 1 
300 12 14 14 235 22 51 4 1 
500 13 235 15 428 23 348 5 251 
0 14 428 16 1066 24 1358 
600 15 1066 17 94 25 192 7 736 
100 16 94 18 21 26 20 8 14 
0 17 21 10 18 27 57 9 59 
0 20 56 27 55 
200 19 56 21 139 29 175 11 139 
500 20 139 22 423 30 43 12 1 
100 21 423 23 359 31 163 13 51 
100 22 359 24 210 32 464 14 348 
0 23 210 25 698 33 1786 15 1358 
700 24 698 26 310 34 82 16 192 
400 25 310 27 86 35 24 17 20 
0 26 86 19 55 36 64 18 57 
0 29 9 36 9 
0 28 9 30 1 38 166 20 175 
0 29 1 31 1 39 43 21 43 
0 30 1 32 1 40 163 22 163 
100 31 1 33 993 41 1448 23 464 
300 32 993 34 64 42 855 24 1786 
100 33 64 35 5 43 66 25 82 
0 34 5 36 5 44 24 26 24 
0 35 5 28 9 45 69 27 64 
0 38 1 45 1 
0 37 1 39 102 47 102 29 166 
400 38 102 40 335 48 43 30 43 
800 39 335 41 717 49 271 31 163 
300 40 717 42 107 50 1193 32 1448 
400 41 107 43 64 51 771 33 855 
100 42 64 44 5 52 49 34 66 
0 43 5 45 5 53 24 35 24 
0 44 5 37 1 54 64 36 69 
0 47 55 54 19 55 73 
0 46 55 48 24 56 23 38 102 
0 47 24 49 24 57 43 39 43 
600 48 24 50 940 58 766 40 271 
0 49 940 51 477 41 1193 
300 50 477 52 236 60 964 42 771 
300 51 236 53 38 61 5 43 49 
0 52 38 54 14 62 47 44 24 
0 53 14 46 19 63 31 45 64 
0 56 43 63 78 64 1 46 73 
0 55 43 57 67 65 1 47 23 
500 56 67 58 389 66 1 48 43 
700 57 389 59 244 67 1 49 766 
0 58 244 60 244 
500 59 244 61 432 69 104 51 964 
100 60 432 62 351 70 1 52 5 
500 61 351 63 110 71 1 53 47 
0 62 110 55 78 72 1 54 31 
0 65 1 72 1 55 1 
0 64 1 66 1 56 1 
0 65 1 67 1 57 1 
0 66 1 68 1 58 1 
0 67 1 69 1 
100 68 1 70 1 60 104 
0 69 1 71 1 61 1 
0 70 1 72 1 62 1 
0 71 1 64 1 63 1 
