72 126 011
0 2 169 9 169 
0 1 169 3 9 11 172 
0 2 9 4 9 12 1 
100 3 9 5 82 13 9 
200 4 82 6 97 14 312 
0 5 97 7 97 
800 6 97 8 359 16 898 
300 7 359 9 225 17 10 
300 8 225 1 169 18 123 
0 11 11 18 10 
0 10 11 12 26 20 193 2 172 
0 11 26 13 26 21 1 3 1 
300 12 26 14 179 22 99 4 9 
300 13 179 15 398 23 222 5 312 
0 14 398 16 1128 24 1451 
600 15 1128 17 35 25 169 7 898 
0 16 35 18 35 26 10 8 10 
0 17 35 10 10 27 148 9 123 
0 20 40 27 40 
200 19 40 21 169 29 256 11 193 
600 20 169 22 488 30 53 12 1 
100 21 488 23 412 31 200 13 99 
100 22 412 24 212 32 414 14 222 
300 23 212 25 670 33 1890 15 1451 
700 24 670 26 347 34 54 16 169 
400 25 347 27 152 35 17 17 10 
0 26 152 19 40 36 202 18 148 
0 29 50 36 50 
0 28 50 30 7 38 204 20 256 
0 29 7 31 7 39 53 21 53 
100 30 7 32 59 40 215 22 200 
100 31 59 33 426 41 833 23 414 
300 32 426 34 1 42 1490 24 1890 
0 33 1 35 1 43 54 25 54 
0 34 1 36 1 44 17 26 17 
0 35 1 28 50 45 252 27 202 
0 38 53 45 52 
300 37 53 39 217 47 166 29 204 
400 38 217 40 425 48 52 30 53 
800 39 425 41 921 49 406 31 215 
0 40 921 42 578 32 833 
400 41 578 43 59 51 1949 33 1490 
100 42 59 44 8 52 40 34 54 
0 43 8 45 8 53 17 35 17 
0 44 8 37 52 54 215 36 252 
0 47 51 54 117 55 161 
0 46 51 48 77 56 57 38 166 
100 47 77 49 127 57 48 39 52 
600 48 127 50 374 58 304 40 406 
0 49 374 51 374 
500 50 374 52 222 60 1476 42 1949 
300 51 222 53 43 61 17 43 40 
0 52 43 54 26 62 34 44 17 
0 53 26 46 117 63 82 45 215 
0 56 75 63 86 64 79 46 161 
0 55 75 57 105 65 45 47 57 
500 56 105 58 367 66 1 48 48 
400 57 367 59 439 67 45 49 304 
0 58 439 60 439 
500 59 439 61 735 69 136 51 1476 
500 60 735 62 383 70 1 52 17 
500 61 383 63 170 71 1 53 34 
0 62 170 55 86 72 1 54 82 
0 65 79 72 1 55 79 
200 64 79 66 80 56 45 
0 65 80 67 80 57 1 
0 66 80 68 36 58 45 
0 67 36 69 36 
100 68 36 70 1 60 136 
0 69 1 71 1 61 1 
0 70 1 72 1 62 1 
0 71 1 64 1 63 1 
