72 126 011
0 2 1 9 1 10 1 
300 1 1 3 67 11 233 
400 2 67 4 577 12 894 
400 3 577 5 364 13 87 
500 4 364 6 180 14 20 
0 5 180 7 1 15 180 
0 6 1 8 1 
0 7 1 9 1 17 1 
0 8 1 1 1 18 1 
500 11 287 18 10 1 1 19 203 
300 10 287 12 343 2 233 20 724 
300 11 343 13 533 21 1163 3 894 
700 12 533 14 57 4 87 22 60 
0 13 57 15 57 5 20 23 20 
0 14 57 16 1 6 180 24 236 
0 15 1 17 1 
0 16 1 18 10 8 1 26 10 
0 17 10 10 10 9 1 27 1 
100 20 645 27 551 10 203 28 507 
0 19 645 21 539 11 724 
300 20 539 22 291 30 1801 12 1163 
100 21 291 23 273 13 60 31 3 
400 22 273 24 125 14 20 32 1 
0 23 125 25 104 15 236 33 258 
0 24 104 26 104 
200 25 104 27 180 17 10 35 116 
700 26 180 19 551 18 1 36 85 
800 29 430 36 250 19 507 37 633 
0 28 430 30 430 
0 29 430 31 1 39 1605 21 1801 
0 30 1 32 1 22 3 40 3 
0 31 1 33 1 23 1 41 1 
0 32 1 34 190 24 258 42 68 
0 33 190 35 80 43 218 
0 34 80 36 107 26 116 44 65 
300 35 107 28 250 27 85 45 90 
500 38 302 45 277 28 633 46 591 
0 37 302 39 302 
200 38 302 40 1 48 1346 30 1605 
0 39 1 41 1 31 3 49 3 
0 40 1 42 1 32 1 50 1 
0 41 1 43 1 33 68 51 68 
0 42 1 44 43 52 190 34 218 
0 43 43 45 67 35 65 53 73 
400 44 67 37 277 36 90 54 70 
400 47 357 54 277 37 591 55 546 
0 46 357 48 357 
500 47 357 49 1 39 1346 57 755 
0 48 1 50 1 40 3 58 3 
0 49 1 51 1 41 1 59 1 
0 50 1 52 68 42 68 60 139 
0 51 68 53 43 61 92 43 190 
0 52 43 54 67 44 73 62 81 
400 53 67 46 277 45 70 63 18 
0 56 92 63 287 46 546 64 261 
0 55 92 57 92 
100 56 92 58 337 48 755 66 512 
300 57 337 59 151 49 3 67 1 
200 58 151 60 156 50 1 68 1 
0 59 156 61 21 51 139 
0 60 21 62 113 70 1 52 92 
400 61 113 63 232 53 81 71 1 
100 62 232 55 287 54 18 72 1 
0 65 261 72 1 55 261 
0 64 261 66 261 
800 65 261 67 1 57 512 
0 66 1 68 1 58 1 
0 67 1 69 1 59 1 
0 68 1 70 1 
0 69 1 71 1 61 1 
0 70 1 72 1 62 1 
0 71 1 64 1 63 1 
