72 128 011
0 2 94 9 94 
0 1 94 3 9 11 97 
0 2 9 4 9 12 1 
100 3 9 5 82 13 9 
200 4 82 6 165 14 114 
0 5 165 7 871 15 984 
800 6 871 8 389 16 155 
300 7 389 9 229 17 10 
300 8 229 1 94 18 155 
0 11 11 18 10 
0 10 11 12 26 20 118 2 97 
0 11 26 13 26 21 1 3 1 
300 12 26 14 179 22 99 4 9 
300 13 179 15 182 23 371 5 114 
0 14 182 16 436 24 1385 6 984 
600 15 436 17 37 25 160 7 155 
0 16 37 18 37 26 10 8 10 
0 17 37 10 10 27 150 9 155 
0 20 42 27 41 
200 19 42 21 168 29 177 11 118 
600 20 168 22 486 30 53 12 1 
100 21 486 23 412 31 201 13 99 
100 22 412 24 824 32 1228 14 371 
300 23 824 25 592 33 1079 15 1385 
700 24 592 26 347 34 123 16 160 
400 25 347 27 152 35 17 17 10 
0 26 152 19 41 36 207 18 150 
0 29 1 36 1 
0 28 1 30 4 38 178 20 177 
0 29 4 31 4 39 53 21 53 
100 30 4 32 61 40 217 22 201 
100 31 61 33 70 41 1236 23 1228 
300 32 70 34 1 42 1087 24 1079 
0 33 1 35 1 43 123 25 123 
0 34 1 36 1 44 17 26 17 
0 35 1 28 1 45 207 27 207 
0 38 148 45 159 46 217 
300 37 148 39 247 47 58 29 178 
400 38 247 40 475 48 52 30 53 
800 39 475 41 1172 49 652 31 217 
0 40 1172 42 724 32 1236 
400 41 724 43 69 51 1683 33 1087 
100 42 69 44 44 52 84 34 123 
0 43 44 45 8 53 52 35 17 
0 44 8 37 159 54 46 36 207 
0 47 10 54 18 55 207 37 217 
0 46 10 48 16 56 56 38 58 
100 47 16 49 71 57 48 39 52 
600 48 71 50 191 58 306 40 652 
0 49 191 51 191 
500 50 191 52 222 60 1394 42 1683 
300 51 222 53 38 61 65 43 84 
0 52 38 54 26 62 65 44 52 
0 53 26 46 18 63 38 45 46 
0 56 75 63 115 64 61 46 207 
0 55 75 57 105 65 43 47 56 
500 56 105 58 367 66 1 48 48 
400 57 367 59 465 67 89 49 306 
0 58 465 60 465 
500 59 465 61 656 69 91 51 1394 
500 60 656 62 352 70 1 52 65 
500 61 352 63 170 71 1 53 65 
0 62 170 55 115 72 20 54 38 
0 65 79 72 17 55 61 
200 64 79 66 81 56 43 
0 65 81 67 81 57 1 
0 66 81 68 9 58 89 
0 67 9 69 9 
100 68 9 70 3 60 91 
0 69 3 71 3 61 1 
0 70 3 72 3 62 1 
0 71 3 64 17 63 20 
