72 127 011
0 2 76 9 76 
0 1 76 3 11 11 82 
0 2 11 4 11 12 1 
100 3 11 5 58 13 31 
300 4 58 6 220 14 133 
0 5 220 7 865 15 1005 
800 6 865 8 443 16 166 
400 7 443 9 270 17 20 
300 8 270 1 76 18 242 
0 11 10 18 10 
0 10 10 12 27 20 104 2 82 
0 11 27 13 27 21 1 3 1 
300 12 27 14 178 22 121 4 31 
300 13 178 15 172 23 388 5 133 
200 14 172 16 400 24 1440 6 1005 
600 15 400 17 67 25 170 7 166 
0 16 67 18 67 26 20 8 20 
0 17 67 10 10 27 268 9 242 
0 20 52 27 52 
200 19 52 21 207 29 174 11 104 
600 20 207 22 466 30 46 12 1 
200 21 466 23 447 31 240 13 121 
100 22 447 24 250 32 612 14 388 
300 23 250 25 522 33 1595 15 1440 
600 24 522 26 317 34 104 16 170 
400 25 317 27 161 35 50 17 20 
0 26 161 19 52 36 356 18 268 
0 29 1 36 1 
0 28 1 30 22 38 193 20 174 
0 29 22 31 22 39 46 21 46 
100 30 22 32 262 40 436 22 240 
0 31 262 33 403 23 612 
300 32 403 34 89 42 2021 24 1595 
0 33 89 35 125 43 72 25 104 
200 34 125 36 46 44 55 26 50 
0 35 46 28 1 45 366 27 356 
0 38 184 45 317 46 326 
300 37 184 39 206 47 95 29 193 
300 38 206 40 351 48 46 30 46 
800 39 351 41 669 49 466 31 436 
0 40 669 42 669 
300 41 669 43 68 51 1772 33 2021 
100 42 68 44 46 52 30 34 72 
0 43 46 45 11 53 91 35 55 
0 44 11 37 317 54 48 36 366 
0 47 29 54 1 55 308 37 326 
0 46 29 48 37 56 95 38 95 
100 47 37 49 77 57 42 39 46 
500 48 77 50 305 58 363 40 466 
0 49 305 51 305 
500 50 305 52 1 60 1432 42 1772 
0 51 1 53 1 61 30 43 30 
0 52 1 54 1 62 91 44 91 
0 53 1 46 1 63 48 45 48 
0 56 205 63 152 64 58 46 308 
300 55 205 57 254 65 40 47 95 
500 56 254 58 467 66 1 48 42 
400 57 467 59 498 67 101 49 363 
0 58 498 60 498 
500 59 498 61 704 69 84 51 1432 
500 60 704 62 446 70 1 52 30 
600 61 446 63 219 71 1 53 91 
0 62 219 55 152 72 21 54 48 
0 65 77 72 18 55 58 
200 64 77 66 86 56 40 
0 65 86 67 86 57 1 
0 66 86 68 17 58 101 
0 67 17 69 17 
100 68 17 70 2 60 84 
0 69 2 71 2 61 1 
0 70 2 72 2 62 1 
0 71 2 64 18 63 21 
