72 128 011
0 2 76 9 76 
0 1 76 3 9 11 80 
0 2 9 4 9 12 1 
100 3 9 5 58 13 33 
300 4 58 6 117 14 236 
0 5 117 7 811 15 848 
800 6 811 8 431 16 166 
400 7 431 9 278 17 20 
300 8 278 1 76 18 295 
0 11 1 18 1 
0 10 1 12 20 20 85 2 80 
0 11 20 13 20 21 1 3 1 
300 12 20 14 178 22 130 4 33 
300 13 178 15 448 23 898 5 236 
200 14 448 16 369 24 846 6 848 
600 15 369 17 97 25 170 7 166 
0 16 97 18 97 26 20 8 20 
0 17 97 10 1 27 363 9 295 
0 20 61 27 61 
200 19 61 21 205 29 169 11 85 
600 20 205 22 465 30 46 12 1 
200 21 465 23 446 31 249 13 130 
100 22 446 24 159 32 896 14 898 
300 23 159 25 522 33 1225 15 846 
600 24 522 26 348 34 74 16 170 
400 25 348 27 229 35 13 17 20 
0 26 229 19 61 36 507 18 363 
0 29 71 36 375 37 449 
0 28 71 30 35 38 73 20 169 
0 29 35 31 35 39 46 21 46 
100 30 35 32 441 40 676 22 249 
0 31 441 33 499 23 896 
300 32 499 34 103 42 1734 24 1225 
0 33 103 35 137 43 39 25 74 
200 34 137 36 60 44 20 26 13 
0 35 60 28 375 45 151 27 507 
0 38 185 45 7 46 358 28 449 
300 37 185 39 208 47 73 29 73 
300 38 208 40 332 48 46 30 46 
800 39 332 41 424 49 484 31 676 
0 40 424 42 424 
300 41 424 43 68 51 1709 33 1734 
100 42 68 44 17 52 30 34 39 
0 43 17 45 11 53 23 35 20 
0 44 11 37 7 54 150 36 151 
0 47 29 54 105 55 234 37 358 
0 46 29 48 37 56 73 38 73 
100 47 37 49 77 57 42 39 46 
500 48 77 50 597 58 828 40 484 
0 49 597 51 597 
500 50 597 52 1 60 924 42 1709 
0 51 1 53 1 61 30 43 30 
0 52 1 54 1 62 23 44 23 
0 53 1 46 105 63 256 45 150 
0 56 205 63 53 64 83 46 234 
300 55 205 57 262 65 25 47 73 
500 56 262 58 475 66 1 48 42 
400 57 475 59 193 67 99 49 828 
0 58 193 60 193 
500 59 193 61 668 69 70 51 924 
500 60 668 62 410 70 1 52 30 
600 61 410 63 323 71 1 53 23 
0 62 323 55 53 72 27 54 256 
0 65 103 72 20 55 83 
200 64 103 66 74 56 25 
0 65 74 67 74 57 1 
0 66 74 68 26 58 99 
0 67 26 69 26 
100 68 26 70 7 60 70 
0 69 7 71 7 61 1 
0 70 7 72 7 62 1 
0 71 7 64 20 63 27 
