72 126 011
0 2 1 9 1 
0 1 1 3 8 11 7 
0 2 8 4 8 12 1 
100 3 8 5 54 13 39 
300 4 54 6 80 14 269 
300 5 80 7 667 15 900 
800 6 667 8 386 16 169 
400 7 386 9 277 17 17 
0 8 277 1 1 18 277 
0 11 1 18 1 
0 10 1 12 53 20 62 2 7 
0 11 53 13 53 21 1 3 1 
700 12 53 14 398 22 274 4 39 
300 13 398 15 373 23 841 5 269 
200 14 373 16 430 24 997 6 900 
700 15 430 17 121 25 163 7 169 
0 16 121 18 121 26 17 8 17 
0 17 121 10 1 27 398 9 277 
0 20 199 27 200 
600 19 199 21 285 29 328 11 62 
600 20 285 22 538 30 51 12 1 
200 21 538 23 675 31 539 13 274 
0 22 675 24 686 14 841 
300 23 686 25 475 33 1773 15 997 
600 24 475 26 288 34 62 16 163 
300 25 288 27 205 35 12 17 17 
0 26 205 19 200 36 444 18 398 
0 29 112 36 276 37 393 
0 28 112 30 92 38 133 20 328 
0 29 92 31 92 39 51 21 51 
100 30 92 32 43 40 631 22 539 
0 31 43 33 43 
0 32 43 34 87 42 1759 24 1773 
0 33 87 35 124 43 26 25 62 
200 34 124 36 50 44 18 26 12 
0 35 50 28 276 45 173 27 444 
0 38 143 45 1 46 336 28 393 
300 37 143 39 183 47 109 29 133 
300 38 183 40 305 48 53 30 51 
500 39 305 41 327 49 682 31 631 
0 40 327 42 327 
300 41 327 43 1 51 1484 33 1759 
0 42 1 44 1 52 26 34 26 
0 43 1 45 1 53 18 35 18 
0 44 1 37 1 54 173 36 173 
0 47 13 54 140 55 194 37 336 
0 46 13 48 24 56 106 38 109 
100 47 24 49 64 57 51 39 53 
500 48 64 50 712 58 1128 40 682 
0 49 712 51 712 
500 50 712 52 1 60 581 42 1484 
0 51 1 53 1 61 26 43 26 
0 52 1 54 1 62 18 44 18 
0 53 1 46 140 63 313 45 173 
0 56 181 63 76 64 91 46 194 
300 55 181 57 277 65 27 47 106 
600 56 277 58 530 66 1 48 51 
400 57 530 59 248 67 308 49 1128 
0 58 248 60 248 
200 59 248 61 608 69 74 51 581 
500 60 608 62 380 70 1 52 26 
600 61 380 63 392 71 1 53 18 
0 62 392 55 76 54 313 
0 65 91 72 1 55 91 
200 64 91 66 86 56 27 
0 65 86 67 86 57 1 
200 66 86 68 29 58 308 
0 67 29 69 29 
100 68 29 70 1 60 74 
0 69 1 71 1 61 1 
0 70 1 72 1 62 1 
0 71 1 64 1 
