72 128 011
0 2 1 9 1 
0 1 1 3 8 11 7 
0 2 8 4 8 12 1 
100 3 8 5 54 13 39 
300 4 54 6 287 14 538 
300 5 287 7 667 15 632 
800 6 667 8 386 16 169 
400 7 386 9 277 17 17 
0 8 277 1 1 18 277 
0 11 1 18 1 
0 10 1 12 72 20 80 2 7 
0 11 72 13 72 21 1 3 1 
700 12 72 14 362 22 292 4 39 
300 13 362 15 178 23 817 5 538 
200 14 178 16 430 24 984 6 632 
700 15 430 17 121 25 163 7 169 
0 16 121 18 121 26 17 8 17 
0 17 121 10 1 27 398 9 277 
0 20 478 27 486 28 614 
600 19 478 21 367 29 54 11 80 
600 20 367 22 569 30 51 12 1 
200 21 569 23 604 31 664 13 292 
0 22 604 24 567 14 817 
300 23 567 25 454 33 1580 15 984 
600 24 454 26 365 34 26 16 163 
300 25 365 27 266 35 48 17 17 
0 26 266 19 486 36 173 18 398 
0 29 5 36 32 37 610 19 614 
0 28 5 30 5 38 54 20 54 
0 29 5 31 5 39 51 21 51 
100 30 5 32 25 40 662 22 664 
0 31 25 33 25 
0 32 25 34 87 42 1573 24 1580 
0 33 87 35 87 43 26 25 26 
200 34 87 36 50 44 18 26 48 
0 35 50 28 32 45 191 27 173 
0 38 143 45 247 46 305 28 610 
300 37 143 39 201 47 48 29 54 
300 38 201 40 322 48 53 30 51 
500 39 322 41 750 49 1212 31 662 
0 40 750 42 750 
300 41 750 43 1 51 781 33 1573 
0 42 1 44 1 52 26 34 26 
0 43 1 45 1 53 18 35 18 
0 44 1 37 247 54 439 36 191 
0 47 13 54 5 55 298 37 305 
0 46 13 48 24 56 44 38 48 
100 47 24 49 64 57 51 39 53 
500 48 64 50 126 58 975 40 1212 
0 49 126 51 126 
500 50 126 52 25 60 586 42 781 
0 51 25 53 25 61 26 43 26 
0 52 25 54 25 62 18 44 18 
0 53 25 46 5 63 418 45 439 
0 56 303 63 95 64 91 46 298 
300 55 303 57 287 65 17 47 44 
600 56 287 58 489 66 10 48 51 
400 57 489 59 262 67 152 49 975 
0 58 262 60 356 68 163 
200 59 356 61 542 69 57 51 586 
500 60 542 62 364 70 1 52 26 
600 61 364 63 478 71 10 53 18 
0 62 478 55 95 54 418 
0 65 91 72 1 55 91 
200 64 91 66 96 56 17 
0 65 96 67 86 57 10 
200 66 86 68 131 58 152 
0 67 131 69 36 59 163 
100 68 36 70 10 60 57 
0 69 10 71 10 61 1 
0 70 10 72 1 62 10 
0 71 1 64 1 
