72 126 011
0 2 1 9 1 
0 1 1 3 1 11 1 
0 2 1 4 1 12 1 
0 3 1 5 1 13 1 
300 4 1 6 115 14 346 
400 5 115 7 553 15 778 
600 6 553 8 334 16 130 
400 7 334 9 258 17 16 
0 8 258 1 1 18 258 
0 11 1 18 1 
0 10 1 12 49 20 49 2 1 
0 11 49 13 49 21 1 3 1 
700 12 49 14 508 22 404 4 1 
0 13 508 15 398 5 346 
200 14 398 16 415 24 1537 6 778 
700 15 415 17 121 25 172 7 130 
0 16 121 18 121 26 16 8 16 
0 17 121 10 1 27 380 9 258 
0 20 391 27 438 28 517 
600 19 391 21 319 29 103 11 49 
500 20 319 22 461 30 65 12 1 
200 21 461 23 299 31 598 13 404 
0 22 299 24 299 
400 23 299 25 482 33 1764 15 1537 
600 24 482 26 308 34 64 16 172 
300 25 308 27 160 35 101 17 16 
0 26 160 19 438 36 103 18 380 
0 29 1 36 33 37 514 19 517 
0 28 1 30 1 38 103 20 103 
0 29 1 31 1 39 65 21 65 
100 30 1 32 32 40 629 22 598 
0 31 32 33 32 
0 32 32 34 84 42 1747 24 1764 
0 33 84 35 84 43 64 25 64 
200 34 84 36 57 44 77 26 101 
0 35 57 28 33 45 128 27 103 
0 38 232 45 34 46 394 28 514 
600 37 232 39 329 47 120 29 103 
300 38 329 40 441 48 84 30 65 
500 39 441 41 1011 49 1506 31 629 
0 40 1011 42 1011 
300 41 1011 43 1 51 737 33 1747 
0 42 1 44 1 52 64 34 64 
0 43 1 45 1 53 77 35 77 
0 44 1 37 34 54 163 36 128 
0 47 85 54 26 55 404 37 394 
0 46 85 48 171 56 69 38 120 
700 47 171 49 445 57 74 39 84 
500 48 445 50 222 58 1093 40 1506 
0 49 222 51 222 
700 50 222 52 35 60 511 42 737 
0 51 35 53 35 61 64 43 64 
0 52 35 54 138 62 180 44 77 
0 53 138 46 26 45 163 
0 56 227 63 294 64 1 46 404 
300 55 227 57 271 65 1 47 69 
600 56 271 58 503 66 1 48 74 
300 57 503 59 395 67 168 49 1093 
0 58 395 60 383 68 183 
200 59 383 61 608 69 48 51 511 
600 60 608 62 420 70 1 52 64 
600 61 420 63 295 71 5 53 180 
0 62 295 55 294 
0 65 1 72 1 55 1 
0 64 1 66 1 56 1 
0 65 1 67 1 57 1 
200 66 1 68 37 58 168 
100 67 37 69 50 59 183 
100 68 50 70 5 60 48 
0 69 5 71 5 61 1 
0 70 5 72 1 62 5 
0 71 1 64 1 
