72 128 011
0 2 1 9 1 
0 1 1 3 1 11 1 
0 2 1 4 1 12 1 
0 3 1 5 1 13 1 
300 4 1 6 115 14 346 
400 5 115 7 553 15 778 
600 6 553 8 334 16 130 
400 7 334 9 258 17 16 
0 8 258 1 1 18 258 
0 11 34 18 317 19 352 
0 10 34 12 34 20 1 2 1 
0 11 34 13 34 21 1 3 1 
700 12 34 14 427 22 500 4 1 
0 13 427 15 317 5 346 
200 14 317 16 374 24 1415 6 778 
700 15 374 17 215 25 118 7 130 
0 16 215 18 162 26 70 8 16 
0 17 162 10 317 27 103 9 258 
0 20 347 27 108 28 496 10 352 
600 19 347 21 343 29 103 11 1 
500 20 343 22 534 30 65 12 1 
200 21 534 23 259 31 728 13 500 
0 22 259 24 259 
400 23 259 25 482 33 1603 15 1415 
600 24 482 26 254 34 64 16 118 
300 25 254 27 160 35 101 17 70 
0 26 160 19 108 36 156 18 103 
0 29 1 36 52 37 443 19 496 
0 28 1 30 1 38 103 20 103 
0 29 1 31 1 39 65 21 65 
100 30 1 32 585 40 1314 22 728 
0 31 585 33 585 
0 32 585 34 84 42 1031 24 1603 
0 33 84 35 84 43 64 25 64 
200 34 84 36 57 44 77 26 101 
0 35 57 28 52 45 230 27 156 
0 38 232 45 15 46 372 28 443 
600 37 232 39 329 47 120 29 103 
300 38 329 40 441 48 84 30 65 
500 39 441 41 66 49 1241 31 1314 
0 40 66 42 66 
300 41 66 43 1 51 971 33 1031 
0 42 1 44 1 52 64 34 64 
0 43 1 45 1 53 77 35 77 
0 44 1 37 15 54 216 36 230 
0 47 125 54 80 55 394 37 372 
0 46 125 48 224 56 22 38 120 
700 47 224 49 405 57 120 39 84 
500 48 405 50 581 58 372 40 1241 
0 49 581 51 665 59 864 
700 50 665 52 146 60 266 42 971 
0 51 146 53 146 61 64 43 64 
0 52 146 54 138 62 292 44 77 
0 53 138 46 80 45 216 
0 56 227 63 285 64 1 46 394 
300 55 227 57 258 65 1 47 22 
600 56 258 58 503 66 1 48 120 
300 57 503 59 452 67 101 49 372 
0 58 452 60 422 68 250 50 864 
200 59 422 61 486 69 48 51 266 
600 60 486 62 249 70 1 52 64 
600 61 249 63 285 71 5 53 292 
0 62 285 55 285 
0 65 1 72 1 55 1 
0 64 1 66 1 56 1 
0 65 1 67 1 57 1 
200 66 1 68 102 58 101 
100 67 102 69 50 59 250 
100 68 50 70 5 60 48 
0 69 5 71 5 61 1 
0 70 5 72 1 62 5 
0 71 1 64 1 
