72 126 011
0 2 1 9 1 
0 1 1 3 1 11 1 
0 2 1 4 1 12 1 
0 3 1 5 1 13 1 
0 4 1 6 1 
400 5 1 7 658 15 986 
600 6 658 8 406 16 108 
600 7 406 9 330 17 39 
0 8 330 1 1 18 330 
0 11 1 18 371 19 373 
0 10 1 12 1 20 1 2 1 
0 11 1 13 1 21 1 3 1 
700 12 1 14 231 22 469 4 1 
0 13 231 15 231 
500 14 231 16 438 24 1607 6 986 
700 15 438 17 136 25 88 7 108 
0 16 136 18 93 26 83 8 39 
0 17 93 10 371 27 49 9 330 
0 20 286 27 52 28 372 10 373 
600 19 286 21 366 29 118 11 1 
500 20 366 22 569 30 77 12 1 
500 21 569 23 353 31 911 13 469 
0 22 353 24 353 
400 23 353 25 440 33 1605 15 1607 
500 24 440 26 236 34 59 16 88 
300 25 236 27 163 35 39 17 83 
0 26 163 19 52 36 162 18 49 
0 29 1 36 1 37 372 19 372 
0 28 1 30 1 38 118 20 118 
0 29 1 31 1 39 77 21 77 
100 30 1 32 976 40 1887 22 911 
0 31 976 33 976 
0 32 976 34 1 42 628 24 1605 
0 33 1 35 1 43 59 25 59 
0 34 1 36 1 44 39 26 39 
0 35 1 28 1 45 162 27 162 
0 38 225 45 114 46 358 28 372 
600 37 225 39 368 47 123 29 118 
600 38 368 40 630 48 141 30 77 
500 39 630 41 1 49 1711 31 1887 
0 40 1 42 1 
0 41 1 43 1 51 628 33 628 
0 42 1 44 1 52 59 34 59 
0 43 1 45 49 53 88 35 39 
0 44 49 37 114 36 162 
0 47 62 54 1 55 318 37 358 
0 46 62 48 166 56 20 38 123 
700 47 166 49 440 57 177 39 141 
300 48 440 50 768 58 692 40 1711 
0 49 768 51 620 59 812 
700 50 620 52 33 60 204 42 628 
0 51 33 53 33 61 59 43 59 
0 52 33 54 1 62 121 44 88 
0 53 1 46 1 
0 56 233 63 145 64 14 46 318 
400 55 233 57 315 65 1 47 20 
600 56 315 58 542 66 24 48 177 
300 57 542 59 186 67 128 49 692 
300 58 186 60 433 68 239 50 812 
200 59 433 61 457 69 1 51 204 
600 60 457 62 185 70 1 52 59 
200 61 185 63 144 71 1 53 121 
0 62 144 55 145 
0 65 14 72 1 55 14 
0 64 14 66 14 56 1 
100 65 14 67 64 57 24 
200 66 64 68 136 58 128 
100 67 136 69 1 59 239 
0 68 1 70 1 60 1 
0 69 1 71 1 61 1 
0 70 1 72 1 62 1 
0 71 1 64 1 
