72 128 011
0 2 1 9 353 10 354 
0 1 1 3 1 11 1 
0 2 1 4 1 12 1 
0 3 1 5 1 13 1 
0 4 1 6 1 
400 5 1 7 594 15 883 
600 6 594 8 410 16 89 
600 7 410 9 403 17 89 
0 8 403 1 353 18 49 
0 11 1 18 34 19 388 1 354 
0 10 1 12 1 20 1 2 1 
0 11 1 13 1 21 1 3 1 
700 12 1 14 231 22 469 4 1 
0 13 231 15 231 
500 14 231 16 438 24 1504 6 883 
700 15 438 17 156 25 118 7 89 
0 16 156 18 93 26 83 8 89 
0 17 93 10 34 27 107 9 49 
0 20 216 27 52 28 318 10 388 
600 19 216 21 370 29 183 11 1 
500 20 370 22 574 30 77 12 1 
500 21 574 23 689 31 1253 13 469 
0 22 689 24 689 
400 23 689 25 440 33 1165 15 1504 
500 24 440 26 236 34 89 16 118 
300 25 236 27 163 35 39 17 83 
0 26 163 19 52 36 220 18 107 
0 29 1 36 1 37 318 19 318 
0 28 1 30 1 38 183 20 183 
0 29 1 31 1 39 77 21 77 
100 30 1 32 1 40 1252 22 1253 
0 31 1 33 1 
0 32 1 34 1 42 1165 24 1165 
0 33 1 35 1 43 89 25 89 
0 34 1 36 1 44 39 26 39 
0 35 1 28 1 45 220 27 220 
0 38 298 45 171 46 287 28 318 
600 37 298 39 535 47 56 29 183 
600 38 535 40 605 48 274 30 77 
500 39 605 41 607 49 542 31 1252 
0 40 607 42 781 50 1395 
0 41 781 43 21 51 357 33 1165 
0 42 21 44 21 52 89 34 89 
0 43 21 45 49 53 109 35 39 
0 44 49 37 171 36 220 
0 47 62 54 1 55 248 37 287 
0 46 62 48 62 56 56 38 56 
700 47 62 49 440 57 206 39 274 
300 48 440 50 436 58 406 40 542 
0 49 436 51 405 59 1104 41 1395 
700 50 405 52 12 60 175 42 357 
0 51 12 53 12 61 89 43 89 
0 52 12 54 1 62 121 44 109 
0 53 1 46 1 
0 56 168 63 144 64 7 46 248 
400 55 168 57 286 65 1 47 56 
600 56 286 58 542 66 24 48 206 
300 57 542 59 599 67 281 49 406 
300 58 599 60 433 68 91 50 1104 
200 59 433 61 428 69 1 51 175 
600 60 428 62 185 70 1 52 89 
200 61 185 63 142 71 2 53 121 
0 62 142 55 144 
0 65 9 72 2 55 7 
0 64 9 66 9 56 1 
100 65 9 67 69 57 24 
200 66 69 68 13 58 281 
100 67 13 69 1 59 91 
0 68 1 70 1 60 1 
0 69 1 71 1 61 1 
0 70 1 72 2 62 2 
0 71 2 64 2 
