72 127 011
0 2 1 9 302 10 303 
0 1 1 3 1 11 1 
0 2 1 4 1 12 1 
0 3 1 5 1 13 1 
0 4 1 6 1 
500 5 1 7 673 15 1073 
600 6 673 8 391 16 65 
600 7 391 9 303 17 86 
0 8 303 1 302 18 1 
0 11 1 18 4 19 307 1 303 
0 10 1 12 1 20 1 2 1 
0 11 1 13 1 21 1 3 1 
500 12 1 14 143 22 357 4 1 
0 13 143 15 143 
500 14 143 16 68 24 1406 6 1073 
100 15 68 17 20 25 69 7 65 
0 16 20 18 13 26 83 8 86 
0 17 13 10 4 27 9 9 1 
0 20 152 27 22 28 266 10 307 
500 19 152 21 313 29 161 11 1 
500 20 313 22 536 30 107 12 1 
500 21 536 23 1221 31 1746 13 357 
0 22 1221 24 1221 
400 23 1221 25 339 33 557 15 1406 
500 24 339 26 103 34 64 16 69 
0 25 103 27 67 35 65 17 83 
0 26 67 19 22 36 53 18 9 
0 29 1 36 54 37 320 19 266 
0 28 1 30 1 38 161 20 161 
0 29 1 31 1 39 107 21 107 
100 30 1 32 32 40 1749 22 1746 
0 31 32 33 32 
100 32 32 34 1 42 570 24 557 
0 33 1 35 1 43 64 25 64 
0 34 1 36 1 44 65 26 65 
0 35 1 28 54 27 53 
0 38 183 45 1 46 244 28 320 
600 37 183 39 516 47 39 29 161 
600 38 516 40 638 48 327 30 107 
300 39 638 41 641 49 1007 31 1749 
0 40 641 42 225 50 869 
0 41 225 43 27 51 316 33 570 
0 42 27 44 27 52 64 34 64 
0 43 27 45 1 53 91 35 65 
0 44 1 37 1 
0 47 50 54 1 55 219 37 244 
0 46 50 48 50 56 39 38 39 
700 47 50 49 433 57 265 39 327 
300 48 433 50 194 58 643 40 1007 
300 49 194 51 425 59 740 41 869 
700 50 425 52 13 60 154 42 316 
0 51 13 53 13 61 64 43 64 
0 52 13 54 1 62 104 44 91 
0 53 1 46 1 
0 56 143 63 152 64 5 46 219 
400 55 143 57 319 65 1 47 39 
700 56 319 58 610 66 27 48 265 
300 57 610 59 265 67 90 49 643 
300 58 265 60 392 68 81 50 740 
100 59 392 61 456 69 1 51 154 
600 60 456 62 174 70 1 52 64 
200 61 174 63 151 71 2 53 104 
0 62 151 55 152 
0 65 7 72 2 55 5 
0 64 7 66 7 56 1 
100 65 7 67 67 57 27 
0 66 67 68 22 58 90 
100 67 22 69 1 59 81 
0 68 1 70 1 60 1 
0 69 1 71 1 61 1 
0 70 1 72 2 62 2 
0 71 2 64 2 
