72 128 011
0 2 1 9 83 10 83 
0 1 1 3 1 11 1 
0 2 1 4 1 12 1 
0 3 1 5 1 13 1 
0 4 1 6 1 
500 5 1 7 659 15 1056 
600 6 659 8 385 16 67 
600 7 385 9 311 17 89 
0 8 311 1 83 18 228 
0 11 1 18 1 19 83 1 83 
0 10 1 12 1 20 1 2 1 
0 11 1 13 1 21 1 3 1 
500 12 1 14 355 22 645 4 1 
0 13 355 15 355 
500 14 355 16 67 24 1089 6 1056 
100 15 67 17 20 25 71 7 67 
0 16 20 18 13 26 85 8 89 
0 17 13 10 1 27 241 9 228 
0 20 156 27 28 28 46 10 83 
500 19 156 21 308 29 165 11 1 
500 20 308 22 573 30 60 12 1 
500 21 573 23 150 31 896 13 645 
0 22 150 24 150 
400 23 150 25 335 33 1378 15 1089 
500 24 335 26 106 34 66 16 71 
0 25 106 27 69 35 66 17 85 
0 26 69 19 28 36 282 18 241 
0 29 1 36 283 37 328 19 46 
0 28 1 30 92 38 73 20 165 
0 29 92 31 1 39 151 21 60 
100 30 1 32 358 40 545 22 896 
0 31 358 33 1070 41 1389 
100 32 1070 34 27 42 324 24 1378 
0 33 27 35 27 43 66 25 66 
0 34 27 36 1 44 94 26 66 
0 35 1 28 283 27 282 
0 38 188 45 1 46 251 28 328 
600 37 188 39 422 47 41 29 73 
600 38 422 40 622 48 285 30 151 
300 39 622 41 529 49 514 31 545 
0 40 529 42 1 50 1274 32 1389 
0 41 1 43 1 51 324 33 324 
0 42 1 44 1 52 66 34 66 
0 43 1 45 1 53 94 35 94 
0 44 1 37 1 
0 47 51 54 115 55 111 37 251 
0 46 51 48 51 56 41 38 41 
700 47 51 49 425 57 222 39 285 
300 48 425 50 840 58 947 40 514 
300 49 840 51 418 59 279 41 1274 
700 50 418 52 13 60 158 42 324 
0 51 13 53 13 61 66 43 66 
0 52 13 54 113 62 221 44 94 
0 53 113 46 115 
0 56 147 63 42 64 6 46 111 
400 55 147 57 317 65 1 47 41 
700 56 317 58 647 66 28 48 222 
300 57 647 59 150 67 104 49 947 
0 58 150 60 378 68 67 50 279 
100 59 378 61 447 69 1 51 158 
600 60 447 62 173 70 1 52 66 
200 61 173 63 42 71 2 53 221 
0 62 42 55 42 
0 65 7 72 2 55 6 
0 64 7 66 7 56 1 
100 65 7 67 66 57 28 
0 66 66 68 37 58 104 
100 67 37 69 1 59 67 
0 68 1 70 1 60 1 
0 69 1 71 1 61 1 
0 70 1 72 2 62 2 
0 71 2 64 2 
