72 126 011
0 2 1 9 1 10 1 
0 1 1 3 1 11 1 
0 2 1 4 1 12 1 
300 3 1 5 61 13 239 
0 4 61 6 61 
500 5 61 7 483 15 866 
300 6 483 8 340 16 33 
600 7 340 9 252 17 94 
0 8 252 1 1 18 252 
0 11 1 18 1 19 1 1 1 
0 10 1 12 1 20 1 2 1 
0 11 1 13 1 21 1 3 1 
500 12 1 14 480 22 984 4 239 
0 13 480 15 480 
500 14 480 16 69 24 750 6 866 
100 15 69 17 21 25 40 7 33 
0 16 21 18 13 26 89 8 94 
0 17 13 10 1 27 265 9 252 
0 20 121 27 331 28 286 10 1 
500 19 121 21 292 29 103 11 1 
100 20 292 22 350 30 16 12 1 
500 21 350 23 220 31 1059 13 984 
0 22 220 24 220 
700 23 220 25 345 33 1104 15 750 
500 24 345 26 108 34 46 16 40 
0 25 108 27 67 35 68 17 89 
0 26 67 19 331 18 265 
0 29 1 36 1 37 286 19 286 
0 28 1 30 62 38 41 20 103 
0 29 62 31 1 39 78 21 16 
100 30 1 32 290 40 766 22 1059 
0 31 290 33 874 41 1127 
100 32 874 34 37 42 223 24 1104 
0 33 37 35 37 43 46 25 46 
0 34 37 36 1 44 106 26 68 
0 35 1 28 1 
0 38 140 45 1 46 228 28 286 
400 37 140 39 323 47 37 29 41 
600 38 323 40 563 48 207 30 78 
300 39 563 41 233 49 546 31 766 
0 40 233 42 1 50 1052 32 1127 
0 41 1 43 1 51 223 33 223 
0 42 1 44 1 52 46 34 46 
0 43 1 45 1 53 106 35 106 
0 44 1 37 1 
0 47 50 54 92 55 112 37 228 
0 46 50 48 50 56 37 38 37 
600 47 50 49 375 57 183 39 207 
300 48 375 50 666 58 784 40 546 
300 49 666 51 179 59 245 41 1052 
300 50 179 52 6 60 139 42 223 
0 51 6 53 6 61 46 43 46 
0 52 6 54 90 62 203 44 106 
0 53 90 46 92 
0 56 148 63 43 64 6 46 112 
400 55 148 57 331 65 1 47 37 
700 56 331 58 704 66 55 48 183 
0 57 704 59 210 49 784 
0 58 210 60 340 68 143 50 245 
100 59 340 61 401 69 1 51 139 
500 60 401 62 165 70 1 52 46 
200 61 165 63 43 71 2 53 203 
0 62 43 55 43 
0 65 8 72 2 55 6 
0 64 8 66 8 56 1 
100 65 8 67 40 57 55 
0 66 40 68 40 
100 67 40 69 1 59 143 
0 68 1 70 1 60 1 
0 69 1 71 1 61 1 
0 70 1 72 2 62 2 
0 71 2 64 2 
