72 128 011
0 2 1 9 1 10 1 
0 1 1 3 1 11 1 
0 2 1 4 1 12 1 
300 3 1 5 220 13 436 
0 4 220 6 220 
500 5 220 7 465 15 651 
300 6 465 8 322 16 33 
600 7 322 9 252 17 112 
0 8 252 1 1 18 252 
0 11 1 18 1 19 1 1 1 
0 10 1 12 1 20 1 2 1 
0 11 1 13 1 21 1 3 1 
500 12 1 14 112 22 774 4 436 
0 13 112 15 112 
500 14 112 16 73 24 945 6 651 
100 15 73 17 17 25 40 7 33 
0 16 17 18 9 26 108 8 112 
0 17 9 10 1 27 261 9 252 
0 20 93 27 306 28 234 10 1 
500 19 93 21 377 29 41 11 1 
100 20 377 22 377 30 78 12 1 
500 21 377 23 509 31 563 13 774 
0 22 509 24 1381 32 1484 
700 23 1381 25 401 33 114 15 945 
500 24 401 26 123 34 46 16 40 
0 25 123 27 46 35 122 17 108 
0 26 46 19 306 18 261 
0 29 1 36 1 37 234 19 234 
0 28 1 30 1 38 41 20 41 
0 29 1 31 1 39 78 21 78 
100 30 1 32 39 40 586 22 563 
0 31 39 33 60 41 1475 23 1484 
100 32 60 34 2 42 89 24 114 
0 33 2 35 2 43 46 25 46 
0 34 2 36 1 44 124 26 122 
0 35 1 28 1 
0 38 140 45 51 46 125 28 234 
400 37 140 39 323 47 37 29 41 
600 38 323 40 563 48 207 30 78 
300 39 563 41 935 49 1227 31 586 
0 40 935 42 1 50 540 32 1475 
0 41 1 43 1 51 89 33 89 
0 42 1 44 1 52 46 34 46 
0 43 1 45 51 53 176 35 124 
0 44 51 37 51 
0 47 50 54 12 55 87 37 125 
0 46 50 48 50 56 37 38 37 
600 47 50 49 375 57 183 39 207 
300 48 375 50 205 58 846 40 1227 
300 49 205 51 179 59 351 41 540 
300 50 179 52 24 60 24 42 89 
0 51 24 53 24 61 46 43 46 
0 52 24 54 12 62 176 44 176 
0 53 12 46 12 
0 56 130 63 43 64 1 46 87 
400 55 130 57 362 65 1 47 37 
700 56 362 58 755 66 89 48 183 
0 57 755 59 219 49 846 
0 58 219 60 481 68 113 50 351 
100 59 481 61 427 69 1 51 24 
500 60 427 62 139 70 1 52 46 
200 61 139 63 45 71 2 53 176 
0 62 45 55 43 72 2 
0 65 2 72 2 55 1 
0 64 2 66 2 56 1 
100 65 2 67 13 57 89 
0 66 13 68 13 
100 67 13 69 2 59 113 
0 68 2 70 2 60 1 
0 69 2 71 2 61 1 
0 70 2 72 1 62 2 
0 71 1 64 2 63 2 
