72 126 011
0 2 6 9 1 10 6 
0 1 6 3 6 11 1 
0 2 6 4 6 12 1 
300 3 6 5 321 13 548 
0 4 321 6 321 
500 5 321 7 358 15 453 
300 6 358 8 194 16 29 
300 7 194 9 178 17 44 
0 8 178 1 1 18 178 
0 11 24 18 209 19 218 1 6 
0 10 24 12 39 20 15 2 1 
300 11 39 13 242 21 38 3 1 
500 12 242 14 120 22 1004 4 548 
0 13 120 15 120 
600 14 120 16 85 24 836 6 453 
100 15 85 17 30 25 35 7 29 
0 16 30 18 28 26 41 8 44 
0 17 28 10 209 9 178 
200 20 125 27 57 28 244 10 218 
500 19 125 21 386 29 45 11 15 
100 20 386 22 330 30 169 12 38 
0 21 330 23 551 31 548 13 1004 
0 22 551 24 1292 32 1516 
700 23 1292 25 327 33 133 15 836 
400 24 327 26 70 34 39 16 35 
0 25 70 27 58 35 29 17 41 
0 26 58 19 57 
0 29 1 36 2 37 242 19 244 
0 28 1 30 1 38 45 20 45 
0 29 1 31 1 39 169 21 169 
100 30 1 32 15 40 560 22 548 
300 31 15 33 63 41 1539 23 1516 
100 32 63 34 2 42 114 24 133 
0 33 2 35 2 43 39 25 39 
0 34 2 36 2 44 29 26 29 
0 35 2 28 2 
0 38 110 45 64 46 107 28 242 
400 37 110 39 328 47 45 29 45 
800 38 328 40 693 48 282 30 169 
300 39 693 41 468 49 722 31 560 
0 40 468 42 63 50 1096 32 1539 
100 41 63 43 5 51 96 33 114 
0 42 5 44 5 52 39 34 39 
0 43 5 45 65 53 89 35 29 
0 44 65 37 64 
0 47 29 54 1 55 78 37 107 
0 46 29 48 29 56 45 38 45 
600 47 29 49 570 57 423 39 282 
0 48 570 50 379 40 722 
300 49 379 51 189 59 1248 41 1096 
300 50 189 52 15 60 29 42 96 
0 51 15 53 15 61 39 43 39 
0 52 15 54 1 62 74 44 89 
0 53 1 46 1 
0 56 103 63 25 64 1 46 78 
500 55 103 57 419 65 1 47 45 
700 56 419 58 550 66 1 48 423 
0 57 550 59 550 
500 58 550 60 425 68 104 50 1248 
100 59 425 61 370 69 1 51 29 
500 60 370 62 100 70 1 52 39 
0 61 100 63 25 71 1 53 74 
0 62 25 55 25 72 1 
0 65 1 72 1 55 1 
0 64 1 66 1 56 1 
0 65 1 67 1 57 1 
0 66 1 68 1 
100 67 1 69 1 59 104 
0 68 1 70 1 60 1 
0 69 1 71 1 61 1 
0 70 1 72 1 62 1 
0 71 1 64 1 63 1 
