72 128 011
0 2 1 9 1 10 1 
300 1 1 3 318 11 542 
300 2 318 4 574 12 505 
400 3 574 5 362 13 88 
500 4 362 6 182 14 20 
0 5 182 7 1 15 182 
0 6 1 8 1 
0 7 1 9 1 17 1 
0 8 1 1 1 18 1 
500 11 275 18 20 1 1 19 205 
300 10 275 12 196 2 542 20 827 
300 11 196 13 532 21 995 3 505 
700 12 532 14 57 4 88 22 61 
0 13 57 15 57 5 20 23 20 
0 14 57 16 1 6 182 24 239 
0 15 1 17 1 
0 16 1 18 19 8 1 26 20 
0 17 19 10 20 9 1 27 1 
100 20 646 27 534 10 205 28 726 
0 19 646 21 419 11 827 
300 20 419 22 323 30 1486 12 995 
100 21 323 23 308 13 61 31 3 
400 22 308 24 163 14 20 32 1 
0 23 163 25 333 15 239 33 69 
0 24 333 26 226 34 351 
200 25 226 27 208 17 20 35 21 
700 26 208 19 534 18 1 36 86 
800 29 268 36 215 19 726 37 741 
0 28 268 30 268 
0 29 268 31 1 39 1379 21 1486 
0 30 1 32 1 22 3 40 3 
0 31 1 33 1 23 1 41 1 
0 32 1 34 1 24 69 42 69 
0 33 1 35 57 43 355 25 351 
0 34 57 36 75 26 21 44 27 
300 35 75 28 215 27 86 45 91 
500 38 498 45 276 28 741 46 991 
0 37 498 39 498 
200 38 498 40 1 48 836 30 1379 
0 39 1 41 1 31 3 49 3 
0 40 1 42 1 32 1 50 1 
0 41 1 43 122 33 69 51 193 
0 42 122 44 44 52 203 34 355 
0 43 44 45 67 35 27 53 35 
400 44 67 37 276 36 91 54 70 
400 47 109 54 276 37 991 55 611 
0 46 109 48 109 
500 47 109 49 10 39 836 57 597 
0 48 10 50 10 40 3 58 3 
0 49 10 51 10 41 1 59 1 
0 50 10 52 8 42 193 60 191 
0 51 8 53 44 61 168 43 203 
0 52 44 54 67 44 35 62 43 
400 53 67 46 276 45 70 63 18 
0 56 458 63 249 46 611 64 1 
0 55 458 57 129 65 329 
100 56 129 58 287 48 597 66 413 
300 57 287 59 144 49 3 67 1 
200 58 144 60 208 50 1 68 31 
0 59 208 61 21 51 191 
0 60 21 62 189 70 1 52 168 
400 61 189 63 196 53 43 71 1 
100 62 196 55 249 54 18 72 1 
0 65 1 72 1 55 1 
0 64 1 66 329 56 329 
800 65 329 67 33 57 413 
0 66 33 68 33 58 1 
0 67 33 69 1 59 31 
0 68 1 70 1 
0 69 1 71 1 61 1 
0 70 1 72 1 62 1 
0 71 1 64 1 63 1 
