72 128 011
0 2 6 9 1 10 6 
0 1 6 3 6 11 1 
0 2 6 4 6 12 1 
300 3 6 5 106 13 338 
0 4 106 6 106 
500 5 106 7 418 15 729 
300 6 418 8 234 16 14 
300 7 234 9 119 17 59 
0 8 119 1 1 18 119 
0 11 14 18 138 19 140 1 6 
0 10 14 12 14 20 1 2 1 
300 11 14 13 236 21 50 3 1 
500 12 236 14 467 22 384 4 338 
0 13 467 15 1062 23 1382 
600 14 1062 16 94 24 190 6 729 
100 15 94 17 21 25 19 7 14 
0 16 21 18 18 26 56 8 59 
0 17 18 10 138 9 119 
200 20 137 27 55 28 174 10 140 
500 19 137 21 424 29 43 11 1 
100 20 424 22 361 30 161 12 50 
100 21 361 23 209 31 492 13 384 
0 22 209 24 702 32 1795 14 1382 
700 23 702 25 311 33 81 15 190 
400 24 311 26 85 34 23 16 19 
0 25 85 27 55 35 64 17 56 
0 26 55 19 55 
0 29 1 36 9 37 164 19 174 
0 28 1 30 1 38 43 20 43 
0 29 1 31 1 39 161 21 161 
100 30 1 32 983 40 1466 22 492 
300 31 983 33 65 41 869 23 1795 
100 32 65 34 5 42 66 24 81 
0 33 5 35 5 43 23 25 23 
0 34 5 36 9 44 68 26 64 
0 35 9 28 9 
0 38 101 45 1 46 101 28 164 
400 37 101 39 335 47 43 29 43 
800 38 335 40 721 48 269 30 161 
300 39 721 41 106 49 1198 31 1466 
400 40 106 42 65 50 781 32 869 
100 41 65 43 5 51 48 33 66 
0 42 5 44 5 52 23 34 23 
0 43 5 45 1 53 64 35 68 
0 44 1 37 1 
0 47 24 54 54 55 23 37 101 
0 46 24 48 24 56 43 38 43 
600 47 24 49 948 57 770 39 269 
0 48 948 50 473 40 1198 
300 49 473 51 237 59 967 41 781 
300 50 237 52 37 60 5 42 48 
0 51 37 53 14 61 47 43 23 
0 52 14 54 19 62 31 44 64 
0 53 19 46 54 63 73 
0 56 66 63 43 64 1 46 23 
500 55 66 57 390 65 1 47 43 
700 56 390 58 242 66 1 48 770 
0 57 242 59 242 
500 58 242 60 433 68 104 50 967 
100 59 433 61 353 69 1 51 5 
500 60 353 62 109 70 1 52 47 
0 61 109 63 78 71 1 53 31 
0 62 78 55 43 72 1 54 73 
0 65 1 72 1 55 1 
0 64 1 66 1 56 1 
0 65 1 67 1 57 1 
0 66 1 68 1 
100 67 1 69 1 59 104 
0 68 1 70 1 60 1 
0 69 1 71 1 61 1 
0 70 1 72 1 62 1 
0 71 1 64 1 63 1 
