72 126 011
0 2 8 9 168 10 171 
0 1 8 3 8 11 1 
100 2 8 4 82 12 9 
300 3 82 5 108 13 398 
0 4 108 6 108 
800 5 108 7 361 15 890 
300 6 361 8 225 16 10 
300 7 225 9 168 17 122 
0 8 168 1 168 
0 11 25 18 10 19 191 1 171 
0 10 25 12 25 20 1 2 1 
300 11 25 13 181 21 98 3 9 
300 12 181 14 440 22 259 4 398 
0 13 440 15 1124 23 1478 
600 14 1124 16 35 24 168 6 890 
0 15 35 17 35 25 10 7 10 
0 16 35 18 10 26 147 8 122 
0 17 10 10 10 
200 20 169 27 39 28 254 10 191 
600 19 169 21 490 29 52 11 1 
100 20 490 22 416 30 198 12 98 
100 21 416 23 210 31 440 13 259 
300 22 210 24 674 32 1901 14 1478 
700 23 674 25 348 33 53 15 168 
400 24 348 26 150 34 17 16 10 
0 25 150 27 40 35 201 17 147 
0 26 40 19 39 
0 29 7 36 50 37 203 19 254 
0 28 7 30 7 38 52 20 52 
100 29 7 31 59 39 213 21 198 
100 30 59 32 423 40 854 22 440 
300 31 423 33 1 41 1502 23 1901 
0 32 1 34 1 42 53 24 53 
0 33 1 35 1 43 17 25 17 
0 34 1 36 50 44 250 26 201 
0 35 50 28 50 
300 38 218 45 52 46 165 28 203 
400 37 218 39 427 47 52 29 52 
800 38 427 40 941 48 418 30 213 
0 39 941 41 573 31 854 
400 40 573 42 59 50 1953 32 1502 
100 41 59 43 8 51 40 33 53 
0 42 8 44 8 52 17 34 17 
0 43 8 45 52 53 213 35 250 
0 44 52 37 52 
0 47 76 54 50 55 57 37 165 
100 46 76 48 127 56 47 38 52 
600 47 127 49 371 57 311 39 418 
0 48 371 50 371 
500 49 371 51 222 59 1477 41 1953 
300 50 222 52 42 60 17 42 40 
0 51 42 53 25 61 34 43 17 
0 52 25 54 117 62 81 44 213 
0 53 117 46 50 63 160 
0 56 104 63 75 64 44 46 57 
500 55 104 57 368 65 1 47 47 
400 56 368 58 435 66 47 48 311 
0 57 435 59 435 
500 58 435 60 738 68 136 50 1477 
500 59 738 61 384 69 1 51 17 
500 60 384 62 168 70 1 52 34 
0 61 168 63 86 71 1 53 81 
0 62 86 55 75 72 78 54 160 
200 65 81 72 76 55 44 
0 64 81 66 81 56 1 
0 65 81 67 35 57 47 
0 66 35 68 35 
100 67 35 69 1 59 136 
0 68 1 70 1 60 1 
0 69 1 71 1 61 1 
0 70 1 72 1 62 1 
0 71 1 64 76 63 78 
