72 128 011
0 2 8 9 93 10 96 
0 1 8 3 8 11 1 
100 2 8 4 82 12 9 
300 3 82 5 220 13 157 
0 4 220 6 876 14 1020 
800 5 876 7 391 15 153 
300 6 391 8 229 16 10 
300 7 229 9 93 17 154 
0 8 93 1 93 
0 11 25 18 10 19 117 1 96 
0 10 25 12 25 20 1 2 1 
300 11 25 13 181 21 98 3 9 
300 12 181 14 181 22 406 4 157 
0 13 181 15 438 23 1413 5 1020 
600 14 438 16 37 24 158 6 153 
0 15 37 17 37 25 10 7 10 
0 16 37 18 10 26 149 8 154 
0 17 10 10 10 
200 20 168 27 41 28 176 10 117 
600 19 168 21 489 29 52 11 1 
100 20 489 22 416 30 200 12 98 
100 21 416 23 817 31 1247 13 406 
300 22 817 24 597 32 1097 14 1413 
700 23 597 25 348 33 122 15 158 
400 24 348 26 150 34 17 16 10 
0 25 150 27 41 35 205 17 149 
0 26 41 19 41 
0 29 4 36 1 37 177 19 176 
0 28 4 30 4 38 52 20 52 
100 29 4 31 62 39 215 21 200 
100 30 62 32 70 40 1254 22 1247 
300 31 70 33 1 41 1103 23 1097 
0 32 1 34 1 42 122 24 122 
0 33 1 35 1 43 17 25 17 
0 34 1 36 1 44 205 26 205 
0 35 1 28 1 
300 38 247 45 145 46 58 28 177 
400 37 247 39 477 47 52 29 52 
800 38 477 40 1190 48 662 30 215 
0 39 1190 41 718 31 1254 
400 40 718 42 69 50 1689 32 1103 
100 41 69 43 43 51 83 33 122 
0 42 43 44 8 52 52 34 17 
0 43 8 45 159 53 46 35 205 
0 44 159 37 145 54 215 
0 47 16 54 10 55 55 37 58 
100 46 16 48 72 56 47 38 52 
600 47 72 49 189 57 313 39 662 
0 48 189 50 189 
500 49 189 51 222 59 1396 41 1689 
300 50 222 52 38 60 65 42 83 
0 51 38 53 25 61 65 43 52 
0 52 25 54 18 62 38 44 46 
0 53 18 46 10 63 205 45 215 
0 56 104 63 75 64 43 46 55 
500 55 104 57 368 65 1 47 47 
400 56 368 58 461 66 90 48 313 
0 57 461 59 461 
500 58 461 60 659 68 91 50 1396 
500 59 659 61 353 69 1 51 65 
500 60 353 62 168 70 1 52 65 
0 61 168 63 115 71 20 53 38 
0 62 115 55 75 72 61 54 205 
200 65 82 72 76 55 43 
0 64 82 66 82 56 1 
0 65 82 67 9 57 90 
0 66 9 68 9 
100 67 9 69 2 59 91 
0 68 2 70 2 60 1 
0 69 2 71 2 61 1 
0 70 2 72 17 62 20 
0 71 17 64 76 63 61 
