72 127 011
0 2 11 9 75 10 81 
0 1 11 3 11 11 1 
100 2 11 4 59 12 31 
400 3 59 5 275 13 177 
0 4 275 6 870 14 1041 
800 5 870 7 445 15 164 
400 6 445 8 270 16 20 
300 7 270 9 75 17 240 
0 8 75 1 75 
0 11 27 18 10 19 103 1 81 
0 10 27 12 27 20 1 2 1 
300 11 27 13 179 21 120 3 31 
300 12 179 14 171 22 424 4 177 
200 13 171 15 402 23 1466 5 1041 
600 14 402 16 66 24 169 6 164 
0 15 66 17 66 25 20 7 20 
0 16 66 18 10 26 266 8 240 
0 17 10 10 10 
200 20 207 27 52 28 173 10 103 
600 19 207 21 469 29 46 11 1 
200 20 469 22 452 30 238 12 120 
100 21 452 23 248 31 637 13 424 
300 22 248 24 526 32 1608 14 1466 
600 23 526 25 318 33 104 15 169 
400 24 318 26 159 34 50 16 20 
0 25 159 27 52 35 353 17 266 
0 26 52 19 52 
0 29 24 36 1 37 194 19 173 
0 28 24 30 24 38 46 20 46 
100 29 24 31 289 39 458 21 238 
0 30 289 32 400 22 637 
300 31 400 33 90 41 2026 23 1608 
0 32 90 34 126 42 71 24 104 
200 33 126 35 46 43 55 25 50 
0 34 46 36 1 44 363 26 353 
0 35 1 28 1 
300 38 204 45 180 46 95 28 194 
300 37 204 39 350 47 45 29 46 
800 38 350 40 663 48 479 30 458 
0 39 663 41 663 
300 40 663 42 68 50 1776 32 2026 
100 41 68 43 46 51 29 33 71 
0 42 46 44 11 52 90 34 55 
0 43 11 45 318 53 47 35 363 
0 44 318 37 180 54 324 
0 47 37 54 28 55 95 37 95 
100 46 37 48 77 56 42 38 45 
500 47 77 49 303 57 372 39 479 
0 48 303 50 303 
500 49 303 51 1 59 1435 41 1776 
0 50 1 52 1 60 29 42 29 
0 51 1 53 1 61 90 43 90 
0 52 1 54 1 62 47 44 47 
0 53 1 46 28 63 305 45 324 
300 56 254 63 201 64 40 46 95 
500 55 254 57 470 65 1 47 42 
400 56 470 58 494 66 102 48 372 
0 57 494 59 494 
500 58 494 60 707 68 84 50 1435 
500 59 707 61 448 69 1 51 29 
600 60 448 62 217 70 1 52 90 
0 61 217 63 153 71 21 53 47 
0 62 153 55 201 72 57 54 305 
200 65 87 72 74 55 40 
0 64 87 66 87 56 1 
0 65 87 67 17 57 102 
0 66 17 68 17 
100 67 17 69 2 59 84 
0 68 2 70 2 60 1 
0 69 2 71 2 61 1 
0 70 2 72 19 62 21 
0 71 19 64 74 63 57 
