72 128 011
0 2 9 9 75 10 79 
0 1 9 3 9 11 1 
100 2 9 4 59 12 33 
400 3 59 5 147 13 305 
0 4 147 6 817 14 859 
800 5 817 7 433 15 164 
400 6 433 8 278 16 20 
300 7 278 9 75 17 293 
0 8 75 1 75 
0 11 20 18 1 19 84 1 79 
0 10 20 12 20 20 1 2 1 
300 11 20 13 179 21 129 3 33 
300 12 179 14 444 22 957 4 305 
200 13 444 15 371 23 850 5 859 
600 14 371 16 97 24 169 6 164 
0 15 97 17 97 25 20 7 20 
0 16 97 18 1 26 359 8 293 
0 17 1 10 1 
200 20 205 27 60 28 167 10 84 
600 19 205 21 468 29 46 11 1 
200 20 468 22 450 30 247 12 129 
100 21 450 23 158 31 945 13 957 
300 22 158 24 526 32 1215 14 850 
600 23 526 25 349 33 73 15 169 
400 24 349 26 227 34 13 16 20 
0 25 227 27 60 35 502 17 359 
0 26 60 19 60 
0 29 35 36 70 37 72 19 167 
0 28 35 30 35 38 46 20 46 
100 29 35 31 467 39 699 21 247 
0 30 467 32 522 22 945 
300 31 522 33 103 41 1742 23 1215 
0 32 103 34 138 42 39 24 73 
200 33 138 35 59 43 20 25 13 
0 34 59 36 375 44 150 26 502 
0 35 375 28 70 45 445 
300 38 209 45 182 46 72 28 72 
300 37 209 39 335 47 45 29 46 
800 38 335 40 421 48 497 30 699 
0 39 421 41 421 
300 40 421 42 68 50 1714 32 1742 
100 41 68 43 17 51 29 33 39 
0 42 17 44 11 52 23 34 20 
0 43 11 45 7 53 149 35 150 
0 44 7 37 182 54 355 36 445 
0 47 37 54 28 55 72 37 72 
100 46 37 48 77 56 42 38 45 
500 47 77 49 592 57 833 39 497 
0 48 592 50 592 
500 49 592 51 1 59 930 41 1714 
0 50 1 52 1 60 29 42 29 
0 51 1 53 1 61 23 43 23 
0 52 1 54 106 62 254 44 149 
0 53 106 46 28 63 232 45 355 
300 56 262 63 201 64 25 46 72 
500 55 262 57 477 65 1 47 42 
400 56 477 58 191 66 100 48 833 
0 57 191 59 191 
500 58 191 60 672 68 70 50 930 
500 59 672 61 412 69 1 51 29 
600 60 412 62 321 70 1 52 23 
0 61 321 63 53 71 27 53 254 
0 62 53 55 201 72 82 54 232 
200 65 75 72 100 55 25 
0 64 75 66 75 56 1 
0 65 75 67 26 57 100 
0 66 26 68 26 
100 67 26 69 7 59 70 
0 68 7 70 7 60 1 
0 69 7 71 7 61 1 
0 70 7 72 20 62 27 
0 71 20 64 100 63 82 
