72 126 011
100 2 54 9 2 10 44 
300 1 54 3 120 11 364 
300 2 120 4 762 12 886 
700 3 762 5 391 13 113 
500 4 391 6 233 14 18 
0 5 233 7 1 15 233 
0 6 1 8 1 
0 7 1 9 2 17 2 
0 8 2 1 2 18 1 
500 11 370 18 14 1 44 19 403 
0 10 370 12 320 2 364 
300 11 320 13 466 21 1662 3 886 
700 12 466 14 71 4 113 22 114 
0 13 71 15 71 5 18 23 18 
0 14 71 16 1 6 233 24 303 
0 15 1 17 1 
0 16 1 18 14 8 2 26 16 
0 17 14 10 14 9 1 27 1 
100 20 142 27 268 10 403 28 547 
0 19 142 21 142 
400 20 142 22 268 30 1826 12 1662 
100 21 268 23 266 13 114 31 51 
400 22 266 24 104 14 18 32 34 
0 23 104 25 341 15 303 33 66 
0 24 341 26 141 34 345 
200 25 141 27 146 17 16 35 38 
300 26 146 19 268 18 1 36 40 
700 29 303 36 211 19 547 37 871 
0 28 303 30 303 
0 29 303 31 1 39 1561 21 1826 
0 30 1 32 1 22 51 40 51 
0 31 1 33 1 23 34 41 34 
0 32 1 34 1 24 66 42 66 
0 33 1 35 29 43 326 25 345 
0 34 29 36 53 26 38 44 51 
300 35 53 28 211 27 40 45 64 
500 38 754 45 433 28 871 46 1472 
0 37 754 39 754 
200 38 754 40 1 48 796 30 1561 
0 39 1 41 1 31 51 49 51 
0 40 1 42 1 32 34 50 34 
0 41 1 43 9 33 66 51 75 
0 42 9 44 129 52 251 34 326 
300 43 129 45 220 35 51 53 69 
400 44 220 37 433 36 64 54 71 
400 47 184 54 493 37 1472 55 1062 
0 46 184 48 184 
500 47 184 49 9 39 796 57 662 
0 48 9 50 9 40 51 58 51 
0 49 9 51 74 41 34 59 100 
0 50 74 52 1 42 75 
0 51 1 53 69 61 207 43 251 
0 52 69 54 125 44 69 62 64 
700 53 125 46 493 45 71 63 15 
300 56 717 63 272 46 1062 64 1 
0 55 717 57 342 65 470 
100 56 342 58 578 48 662 66 382 
700 57 578 59 234 49 51 67 1 
200 58 234 60 128 50 100 68 14 
0 59 128 61 128 
0 60 128 62 149 70 1 52 207 
400 61 149 63 218 53 64 71 1 
100 62 218 55 272 54 15 72 1 
0 65 1 72 1 55 1 
100 64 1 66 380 56 470 
800 65 380 67 15 57 382 
0 66 15 68 15 58 1 
0 67 15 69 1 59 14 
0 68 1 70 1 
0 69 1 71 1 61 1 
0 70 1 72 1 62 1 
0 71 1 64 1 63 1 
