72 126 011
0 2 8 9 1 10 7 
0 1 8 3 8 11 1 
100 2 8 4 54 12 39 
300 3 54 5 79 13 270 
300 4 79 6 671 14 905 
800 5 671 7 386 15 167 
400 6 386 8 275 16 17 
0 7 275 9 1 17 275 
0 8 1 1 1 
0 11 53 18 1 19 61 1 7 
0 10 53 12 53 20 1 2 1 
700 11 53 13 395 21 279 3 39 
300 12 395 14 370 22 838 4 270 
200 13 370 15 433 23 1009 5 905 
700 14 433 16 120 24 162 6 167 
0 15 120 17 120 25 17 7 17 
0 16 120 18 1 26 394 8 275 
0 17 1 10 1 
600 20 283 27 198 28 331 10 61 
600 19 283 21 539 29 51 11 1 
200 20 539 22 675 30 553 12 279 
0 21 675 23 680 13 838 
300 22 680 24 478 32 1788 14 1009 
600 23 478 25 288 33 61 15 162 
300 24 288 26 203 34 12 16 17 
0 25 203 27 197 35 440 17 394 
0 26 197 19 198 
0 29 97 36 112 37 132 19 331 
0 28 97 30 97 38 51 20 51 
100 29 97 31 43 39 651 21 553 
0 30 43 32 43 
0 31 43 33 88 41 1776 23 1788 
0 32 88 34 124 42 25 24 61 
200 33 124 35 49 43 18 25 12 
0 34 49 36 278 44 172 26 440 
0 35 278 28 112 45 390 
300 38 184 45 139 46 108 28 132 
300 37 184 39 307 47 53 29 51 
500 38 307 40 325 48 710 30 651 
0 39 325 41 325 
300 40 325 42 1 50 1506 32 1776 
0 41 1 43 1 51 25 33 25 
0 42 1 44 1 52 18 34 18 
0 43 1 45 1 53 172 35 172 
0 44 1 37 139 54 333 36 390 
0 47 24 54 12 55 105 37 108 
100 46 24 48 64 56 50 38 53 
500 47 64 49 745 57 1196 39 710 
0 48 745 50 745 
500 49 745 51 1 59 576 41 1506 
0 50 1 52 1 60 25 42 25 
0 51 1 53 1 61 18 43 18 
0 52 1 54 140 62 310 44 172 
0 53 140 46 12 63 192 45 333 
300 56 277 63 178 64 27 46 105 
600 55 277 57 533 65 1 47 50 
400 56 533 58 257 66 405 48 1196 
0 57 257 59 257 
200 58 257 60 613 68 73 50 576 
500 59 613 61 382 69 1 51 25 
600 60 382 62 388 70 1 52 18 
0 61 388 63 77 53 310 
0 62 77 55 178 72 90 54 192 
200 65 87 72 87 55 27 
0 64 87 66 87 56 1 
300 65 87 67 30 57 405 
0 66 30 68 30 
100 67 30 69 1 59 73 
0 68 1 70 1 60 1 
0 69 1 71 1 61 1 
0 70 1 72 1 
0 71 1 64 87 63 90 
