72 128 011
0 2 8 9 1 10 7 
0 1 8 3 8 11 1 
100 2 8 4 54 12 39 
300 3 54 5 284 13 536 
300 4 284 6 671 14 639 
800 5 671 7 386 15 167 
400 6 386 8 275 16 17 
0 7 275 9 1 17 275 
0 8 1 1 1 
0 11 71 18 1 19 79 1 7 
0 10 71 12 71 20 1 2 1 
700 11 71 13 359 21 297 3 39 
300 12 359 14 176 22 815 4 536 
200 13 176 15 433 23 996 5 639 
700 14 433 16 120 24 162 6 167 
0 15 120 17 120 25 17 7 17 
0 16 120 18 1 26 394 8 275 
0 17 1 10 1 
600 20 369 27 478 28 53 10 79 
600 19 369 21 575 29 51 11 1 
200 20 575 22 604 30 682 12 297 
0 21 604 23 562 13 815 
300 22 562 24 457 32 1597 14 996 
600 23 457 25 364 33 25 15 162 
300 24 364 26 264 34 48 16 17 
0 25 264 27 486 35 172 17 394 
0 26 486 19 478 36 609 
0 29 5 36 5 37 53 19 53 
0 28 5 30 5 38 51 20 51 
100 29 5 31 25 39 681 21 682 
0 30 25 32 25 
0 31 25 33 88 41 1591 23 1597 
0 32 88 34 88 42 25 24 25 
200 33 88 35 49 43 18 25 48 
0 34 49 36 31 44 190 26 172 
0 35 31 28 5 45 605 27 609 
300 38 202 45 139 46 47 28 53 
300 37 202 39 325 47 53 29 51 
500 38 325 40 743 48 1235 30 681 
0 39 743 41 743 
300 40 743 42 1 50 809 32 1591 
0 41 1 43 1 51 25 33 25 
0 42 1 44 1 52 18 34 18 
0 43 1 45 245 53 435 35 190 
0 44 245 37 139 54 303 36 605 
0 47 24 54 12 55 44 37 47 
100 46 24 48 64 56 50 38 53 
500 47 64 49 125 57 1005 39 1235 
0 48 125 50 125 
500 49 125 51 25 59 620 41 809 
0 50 25 52 25 60 25 42 25 
0 51 25 53 25 61 18 43 18 
0 52 25 54 5 62 415 44 435 
0 53 5 46 12 63 295 45 303 
300 56 287 63 299 64 17 46 44 
600 55 287 57 493 65 10 47 50 
400 56 493 58 259 66 200 48 1005 
0 57 259 59 403 67 211 
200 58 403 60 546 68 56 50 620 
500 59 546 61 366 69 1 51 25 
600 60 366 62 474 70 10 52 18 
0 61 474 63 95 53 415 
0 62 95 55 299 72 90 54 295 
200 65 97 72 87 55 17 
0 64 97 66 87 56 10 
300 65 87 67 180 57 200 
0 66 180 68 37 58 211 
100 67 37 69 10 59 56 
0 68 10 70 10 60 1 
0 69 10 71 1 61 10 
0 70 1 72 1 
0 71 1 64 87 63 90 
