72 126 011
0 2 1 9 1 10 1 
0 1 1 3 1 11 1 
0 2 1 4 1 12 1 
300 3 1 5 106 13 343 
300 4 106 6 553 14 702 
600 5 553 7 334 15 130 
400 6 334 8 258 16 16 
0 7 258 9 1 17 258 
0 8 1 1 1 
0 11 49 18 1 19 49 1 1 
0 10 49 12 49 20 1 2 1 
700 11 49 13 504 21 413 3 1 
0 12 504 14 398 4 343 
200 13 398 15 415 23 1476 5 702 
700 14 415 16 121 24 172 6 130 
0 15 121 17 121 25 16 7 16 
0 16 121 18 1 26 380 8 258 
0 17 1 10 1 
600 20 319 27 392 28 103 10 49 
500 19 319 21 461 29 65 11 1 
200 20 461 22 288 30 617 12 413 
0 21 288 23 288 
400 22 288 24 481 32 1735 14 1476 
600 23 481 25 308 33 64 15 172 
300 24 308 26 160 34 101 16 16 
0 25 160 27 437 35 103 17 380 
0 26 437 19 392 36 517 
0 29 1 36 1 37 103 19 103 
0 28 1 30 1 38 65 20 65 
100 29 1 31 31 39 648 21 617 
0 30 31 32 31 
0 31 31 33 84 41 1723 23 1735 
0 32 84 34 84 42 64 24 64 
200 33 84 35 57 43 77 25 101 
0 34 57 36 32 44 128 26 103 
0 35 32 28 1 45 514 27 517 
600 38 329 45 233 46 120 28 103 
300 37 329 39 441 47 84 29 65 
500 38 441 40 1011 48 1548 30 648 
0 39 1011 41 1011 
300 40 1011 42 1 50 718 32 1723 
0 41 1 43 1 51 64 33 64 
0 42 1 44 1 52 77 34 77 
0 43 1 45 35 53 163 35 128 
0 44 35 37 233 54 394 36 514 
0 47 171 54 87 55 69 37 120 
700 46 171 48 445 56 74 38 84 
500 47 445 49 222 57 1155 39 1548 
0 48 222 50 222 
700 49 222 51 35 59 504 41 718 
0 50 35 52 35 60 64 42 64 
0 51 35 53 138 61 180 43 77 
0 52 138 54 25 44 163 
0 53 25 46 87 63 404 45 394 
300 56 271 63 226 64 1 46 69 
600 55 271 57 503 65 1 47 74 
300 56 503 58 395 66 249 48 1155 
0 57 395 59 400 67 200 
200 58 400 60 608 68 47 50 504 
600 59 608 61 420 69 1 51 64 
600 60 420 62 295 70 5 52 180 
0 61 295 63 295 
0 62 295 55 226 72 1 54 404 
0 65 1 72 1 55 1 
0 64 1 66 1 56 1 
300 65 1 67 55 57 249 
100 66 55 68 51 58 200 
100 67 51 69 5 59 47 
0 68 5 70 5 60 1 
0 69 5 71 1 61 5 
0 70 1 72 1 
0 71 1 64 1 63 1 
