72 128 011
0 2 1 9 1 10 1 
0 1 1 3 1 11 1 
0 2 1 4 1 12 1 
300 3 1 5 107 13 343 
300 4 107 6 549 14 698 
600 5 549 7 333 15 132 
400 6 333 8 260 16 16 
0 7 260 9 1 17 260 
0 8 1 1 1 
0 11 35 18 35 19 1 1 1 
0 10 35 12 35 20 1 2 1 
700 11 35 13 424 21 504 3 1 
0 12 424 14 319 4 343 
200 13 319 15 371 23 1348 5 698 
700 14 371 16 217 24 119 6 132 
0 15 217 17 163 25 70 7 16 
0 16 163 18 320 26 104 8 260 
0 17 320 10 35 27 355 
600 20 341 27 351 28 104 10 1 
500 19 341 21 530 29 66 11 1 
200 20 530 22 251 30 734 12 504 
0 21 251 23 251 
400 22 251 24 478 32 1558 14 1348 
600 23 478 25 254 33 65 15 119 
300 24 254 26 161 34 102 16 70 
0 25 161 27 108 35 157 17 104 
0 26 108 19 351 36 500 18 355 
0 29 1 36 1 37 104 19 104 
0 28 1 30 1 38 66 20 66 
100 29 1 31 568 39 1303 21 734 
0 30 568 32 568 
0 31 568 33 83 41 1006 23 1558 
0 32 83 34 83 42 65 24 65 
200 33 83 35 58 43 78 25 102 
0 34 58 36 172 44 351 26 157 
0 35 172 28 1 45 328 27 500 
600 38 327 45 235 46 121 28 104 
300 37 327 39 437 47 85 29 66 
500 38 437 40 67 48 1241 30 1303 
0 39 67 41 67 
300 40 67 42 1 50 948 32 1006 
0 41 1 43 1 51 65 33 65 
0 42 1 44 1 52 78 34 78 
0 43 1 45 14 53 337 35 351 
0 44 14 37 235 54 256 36 328 
0 47 226 54 128 55 22 37 121 
700 46 226 48 402 56 121 38 85 
500 47 402 49 586 57 375 39 1241 
0 48 586 50 658 58 859 
700 49 658 51 143 59 260 41 948 
0 50 143 52 143 60 65 42 65 
0 51 143 53 258 61 409 43 78 
0 52 258 54 79 44 337 
0 53 79 46 128 63 279 45 256 
300 56 258 63 228 64 1 46 22 
600 55 258 57 500 65 1 47 121 
300 56 500 58 446 66 102 48 375 
0 57 446 59 425 67 250 49 859 
200 58 425 60 485 68 48 50 260 
600 59 485 61 251 69 1 51 65 
600 60 251 62 169 70 5 52 409 
0 61 169 63 169 
0 62 169 55 228 72 1 54 279 
0 65 1 72 1 55 1 
0 64 1 66 1 56 1 
200 65 1 67 101 57 102 
100 66 101 68 51 58 250 
100 67 51 69 5 59 48 
0 68 5 70 5 60 1 
0 69 5 71 1 61 5 
0 70 1 72 1 
0 71 1 64 1 63 1 
