72 126 011
0 2 1 9 1 10 1 
0 1 1 3 1 11 1 
0 2 1 4 1 12 1 
0 3 1 5 1 
300 4 1 6 649 14 896 
600 5 649 7 402 15 110 
600 6 402 8 335 16 40 
0 7 335 9 1 17 335 
0 8 1 1 1 
0 11 1 18 1 19 1 1 1 
0 10 1 12 1 20 1 2 1 
700 11 1 13 229 21 471 3 1 
0 12 229 14 229 
500 13 229 15 434 23 1533 5 896 
700 14 434 16 139 24 90 6 110 
0 15 139 17 94 25 84 7 40 
0 16 94 18 379 26 50 8 335 
0 17 379 10 1 27 379 
600 20 362 27 292 28 120 10 1 
500 19 362 21 560 29 79 11 1 
500 20 560 22 345 30 907 12 471 
0 21 345 23 345 
400 22 345 24 434 32 1544 14 1533 
500 23 434 25 235 33 60 15 90 
300 24 235 26 166 34 40 16 84 
0 25 166 27 52 35 164 17 50 
0 26 52 19 292 36 379 18 379 
0 29 1 36 1 37 120 19 120 
0 28 1 30 1 38 79 20 79 
100 29 1 31 1013 39 1922 21 907 
0 30 1013 32 1013 
0 31 1013 33 1 41 529 23 1544 
0 32 1 34 1 42 60 24 60 
0 33 1 35 1 43 40 25 40 
0 34 1 36 1 44 164 26 164 
0 35 1 28 1 45 379 27 379 
600 38 364 45 230 46 125 28 120 
600 37 364 39 620 47 144 29 79 
500 38 620 40 1 48 1743 30 1922 
0 39 1 41 1 
0 40 1 42 1 50 529 32 529 
0 41 1 43 1 51 60 33 60 
0 42 1 44 49 52 90 34 40 
0 43 49 45 114 35 164 
0 44 114 37 230 54 364 36 379 
0 47 168 54 65 55 20 37 125 
700 46 168 48 435 56 179 38 144 
200 47 435 49 763 57 769 39 1743 
0 48 763 50 532 58 719 
700 49 532 51 31 59 201 41 529 
0 50 31 52 31 60 60 42 60 
0 51 31 53 1 61 121 43 90 
0 52 1 54 1 
0 53 1 46 65 63 323 45 364 
400 56 314 63 236 64 1 46 20 
600 55 314 57 534 65 24 47 179 
300 56 534 58 189 66 217 48 769 
300 57 189 59 432 67 149 49 719 
200 58 432 60 453 68 1 50 201 
600 59 453 61 186 69 1 51 60 
200 60 186 62 146 70 1 52 121 
0 61 146 63 146 
0 62 146 55 236 72 14 54 323 
0 65 14 72 14 55 1 
100 64 14 66 63 56 24 
200 65 63 67 49 57 217 
100 66 49 68 1 58 149 
0 67 1 69 1 59 1 
0 68 1 70 1 60 1 
0 69 1 71 1 61 1 
0 70 1 72 1 
0 71 1 64 14 63 14 
