72 128 011
0 2 1 9 1 10 1 
0 1 1 3 1 11 1 
0 2 1 4 1 12 1 
0 3 1 5 1 
400 4 1 6 589 14 877 
600 5 589 7 409 15 89 
600 6 409 8 406 16 89 
0 7 406 9 357 17 50 
0 8 357 1 1 18 357 
0 11 1 18 1 19 1 1 1 
0 10 1 12 1 20 1 2 1 
700 11 1 13 233 21 467 3 1 
0 12 233 14 233 
500 13 233 15 436 23 1493 5 877 
700 14 436 16 158 24 119 6 89 
0 15 158 17 93 25 84 7 89 
0 16 93 18 35 26 108 8 50 
0 17 35 10 1 27 392 9 357 
600 20 369 27 219 28 185 10 1 
500 19 369 21 569 29 78 11 1 
500 20 569 22 695 30 1244 12 467 
0 21 695 23 695 
400 22 695 24 437 32 1142 14 1493 
500 23 437 25 236 33 89 15 119 
300 24 236 26 165 34 39 16 84 
0 25 165 27 51 35 221 17 108 
0 26 51 19 219 36 320 18 392 
0 29 1 36 1 37 185 19 185 
0 28 1 30 1 38 78 20 78 
100 29 1 31 1 39 1243 21 1244 
0 30 1 32 1 
0 31 1 33 1 41 1142 23 1142 
0 32 1 34 1 42 89 24 89 
0 33 1 35 1 43 39 25 39 
0 34 1 36 1 44 221 26 221 
0 35 1 28 1 45 320 27 320 
600 38 535 45 302 46 56 28 185 
600 37 535 39 600 47 276 29 78 
500 38 600 40 612 48 512 30 1243 
0 39 612 41 755 49 1373 
0 40 755 42 21 50 359 32 1142 
0 41 21 43 21 51 89 33 89 
0 42 21 44 49 52 110 34 39 
0 43 49 45 172 35 221 
0 44 172 37 302 54 290 36 320 
0 47 63 54 64 55 56 37 56 
700 46 63 48 437 56 208 38 276 
200 47 437 49 389 57 396 39 512 
0 48 389 50 402 58 1101 40 1373 
700 49 402 51 12 59 176 41 359 
0 50 12 52 12 60 89 42 89 
0 51 12 53 1 61 122 43 110 
0 52 1 54 1 
0 53 1 46 64 63 250 45 290 
400 56 285 63 168 64 1 46 56 
600 55 285 57 538 65 24 47 208 
300 56 538 58 604 66 281 48 396 
300 57 604 59 428 67 91 49 1101 
200 58 428 60 425 68 1 50 176 
600 59 425 61 184 69 1 51 89 
200 60 184 62 143 70 2 52 122 
0 61 143 63 143 
0 62 143 55 168 72 7 54 250 
0 65 9 72 9 55 1 
100 64 9 66 68 56 24 
200 65 68 67 13 57 281 
100 66 13 68 1 58 91 
0 67 1 69 1 59 1 
0 68 1 70 1 60 1 
0 69 1 71 2 61 2 
0 70 2 72 2 
0 71 2 64 9 63 7 
