72 127 011
0 2 1 9 1 10 1 
0 1 1 3 1 11 1 
0 2 1 4 1 12 1 
0 3 1 5 1 
500 4 1 6 673 14 1073 
600 5 673 7 391 15 65 
600 6 391 8 303 16 86 
0 7 303 9 303 17 1 
0 8 303 1 1 18 303 
0 11 1 18 1 19 1 1 1 
0 10 1 12 1 20 1 2 1 
500 11 1 13 143 21 357 3 1 
0 12 143 14 143 
500 13 143 15 68 23 1406 5 1073 
100 14 68 16 20 24 69 6 65 
0 15 20 17 13 25 83 7 86 
0 16 13 18 4 26 9 8 1 
0 17 4 10 1 27 307 9 303 
500 20 313 27 152 28 161 10 1 
500 19 313 21 536 29 107 11 1 
500 20 536 22 1221 30 1746 12 357 
0 21 1221 23 1221 
400 22 1221 24 339 32 557 14 1406 
500 23 339 25 103 33 64 15 69 
0 24 103 26 67 34 65 16 83 
0 25 67 27 22 35 53 17 9 
0 26 22 19 152 36 266 18 307 
0 29 1 36 1 37 161 19 161 
0 28 1 30 1 38 107 20 107 
100 29 1 31 33 39 1750 21 1746 
0 30 33 32 33 
100 31 33 33 1 41 569 23 557 
0 32 1 34 1 42 64 24 64 
0 33 1 35 1 43 65 25 65 
0 34 1 36 53 26 53 
0 35 53 28 1 45 320 27 266 
600 38 516 45 184 46 39 28 161 
600 37 516 39 638 47 327 29 107 
400 38 638 40 662 48 968 30 1750 
0 39 662 41 224 49 889 
0 40 224 42 27 50 316 32 569 
0 41 27 43 27 51 64 33 64 
0 42 27 44 1 52 91 34 65 
0 43 1 45 1 
0 44 1 37 184 54 244 36 320 
0 47 50 54 51 55 39 37 39 
700 46 50 48 433 56 265 38 327 
200 47 433 49 174 57 643 39 968 
300 48 174 50 425 58 741 40 889 
700 49 425 51 13 59 154 41 316 
0 50 13 52 13 60 64 42 64 
0 51 13 53 1 61 104 43 91 
0 52 1 54 1 
0 53 1 46 51 63 219 45 244 
400 56 319 63 143 64 1 46 39 
700 55 319 57 610 65 27 47 265 
300 56 610 58 265 66 89 48 643 
300 57 265 59 392 67 82 49 741 
100 58 392 60 456 68 1 50 154 
600 59 456 61 174 69 1 51 64 
200 60 174 62 151 70 2 52 104 
0 61 151 63 151 
0 62 151 55 143 72 5 54 219 
0 65 7 72 7 55 1 
100 64 7 66 67 56 27 
0 65 67 67 21 57 89 
100 66 21 68 1 58 82 
0 67 1 69 1 59 1 
0 68 1 70 1 60 1 
0 69 1 71 2 61 2 
0 70 2 72 2 
0 71 2 64 7 63 5 
