72 128 011
0 2 1 9 1 10 1 
0 1 1 3 1 11 1 
0 2 1 4 1 12 1 
0 3 1 5 1 
500 4 1 6 678 14 1079 
600 5 678 7 392 15 64 
600 6 392 8 300 16 86 
0 7 300 9 80 17 220 
0 8 80 1 1 18 80 
0 11 1 18 1 19 1 1 1 
0 10 1 12 1 20 1 2 1 
500 11 1 13 343 21 640 3 1 
0 12 343 14 343 
500 13 343 15 68 23 1132 5 1079 
100 14 68 16 20 24 68 6 64 
0 15 20 17 13 25 82 7 86 
0 16 13 18 1 26 232 8 220 
0 17 1 10 1 27 80 9 80 
500 20 314 27 150 28 159 10 1 
500 19 314 21 588 29 58 11 1 
500 20 588 22 145 30 935 12 640 
0 21 145 23 145 
400 22 145 24 341 32 1442 14 1132 
500 23 341 25 102 33 64 15 68 
0 24 102 26 66 34 64 16 82 
0 25 66 27 26 35 272 17 232 
0 26 26 19 150 36 44 18 80 
0 29 88 36 1 37 71 19 159 
0 28 88 30 1 38 146 20 58 
100 29 1 31 401 39 544 21 935 
0 30 401 32 1148 40 1512 
100 31 1148 33 26 41 313 23 1442 
0 32 26 34 26 42 64 24 64 
0 33 26 35 1 43 91 25 64 
0 34 1 36 272 26 272 
0 35 272 28 1 45 317 27 44 
600 38 428 45 182 46 39 28 71 
600 37 428 39 643 47 275 29 146 
400 38 643 40 600 48 519 30 544 
0 39 600 41 1 49 1432 31 1512 
0 40 1 42 1 50 313 32 313 
0 41 1 43 1 51 64 33 64 
0 42 1 44 1 52 91 34 91 
0 43 1 45 1 
0 44 1 37 182 54 242 36 317 
0 47 50 54 50 55 39 37 39 
700 46 50 48 435 56 214 38 275 
300 47 435 49 810 57 955 39 519 
300 48 810 50 427 58 490 40 1432 
700 49 427 51 13 59 153 41 313 
0 50 13 52 13 60 64 42 64 
0 51 13 53 109 61 214 43 91 
0 52 109 54 109 
0 53 109 46 50 63 107 45 242 
400 56 320 63 142 64 1 46 39 
700 55 320 57 663 65 27 47 214 
300 56 663 58 211 66 104 48 955 
300 57 211 59 397 67 67 49 490 
100 58 397 60 459 68 1 50 153 
600 59 459 61 174 69 1 51 64 
200 60 174 62 40 70 2 52 214 
0 61 40 63 40 
0 62 40 55 142 72 5 54 107 
0 65 7 72 7 55 1 
100 64 7 66 68 56 27 
0 65 68 67 36 57 104 
100 66 36 68 1 58 67 
0 67 1 69 1 59 1 
0 68 1 70 1 60 1 
0 69 1 71 2 61 2 
0 70 2 72 2 
0 71 2 64 7 63 5 
