72 126 011
0 2 1 9 1 10 1 
0 1 1 3 1 11 1 
300 2 1 4 58 12 242 
0 3 58 5 58 
500 4 58 6 500 14 888 
300 5 500 7 350 15 32 
600 6 350 8 242 16 90 
0 7 242 9 1 17 242 
0 8 1 1 1 18 1 
0 11 1 18 1 19 1 1 1 
0 10 1 12 1 20 1 2 1 
500 11 1 13 482 21 996 3 242 
0 12 482 14 482 
500 13 482 15 70 23 780 5 888 
100 14 70 16 20 24 39 6 32 
0 15 20 17 12 25 86 7 90 
0 16 12 18 1 26 254 8 242 
0 17 1 10 1 27 1 9 1 
500 20 300 27 117 28 99 10 1 
100 19 300 21 360 29 15 11 1 
500 20 360 22 211 30 1112 12 996 
0 21 211 23 211 
700 22 211 24 351 32 1167 14 780 
500 23 351 25 104 33 44 15 39 
0 24 104 26 64 34 66 16 86 
0 25 64 27 319 17 254 
0 26 319 19 117 36 275 18 1 
0 29 59 36 1 37 40 19 99 
0 28 59 30 1 38 75 20 15 
100 29 1 31 337 39 775 21 1112 
0 30 337 32 949 40 1253 
100 31 949 33 36 41 215 23 1167 
0 32 36 34 36 42 44 24 44 
0 33 36 35 1 43 101 25 66 
0 34 1 36 1 
0 35 1 28 1 45 275 27 275 
400 38 326 45 134 46 35 28 40 
600 37 326 39 580 47 198 29 75 
400 38 580 40 243 48 597 30 775 
0 39 243 41 1 49 1174 31 1253 
0 40 1 42 1 50 215 32 215 
0 41 1 43 1 51 44 33 44 
0 42 1 44 1 52 101 34 101 
0 43 1 45 1 
0 44 1 37 134 54 219 36 275 
0 47 48 54 48 55 35 37 35 
600 46 48 48 384 56 175 38 198 
300 47 384 49 639 57 843 39 597 
300 48 639 50 183 58 410 40 1174 
300 49 183 51 6 59 134 41 215 
0 50 6 52 6 60 44 42 44 
0 51 6 53 87 61 195 43 101 
0 52 87 54 87 
0 53 87 46 48 63 107 45 219 
400 56 334 63 143 64 1 46 35 
700 55 334 57 721 65 53 47 175 
0 56 721 58 312 48 843 
300 57 312 59 358 67 144 49 410 
100 58 358 60 413 68 1 50 134 
500 59 413 61 166 69 1 51 44 
200 60 166 62 41 70 2 52 195 
0 61 41 63 41 
0 62 41 55 143 72 6 54 107 
0 65 8 72 8 55 1 
100 64 8 66 41 56 53 
0 65 41 67 41 
100 66 41 68 1 58 144 
0 67 1 69 1 59 1 
0 68 1 70 1 60 1 
0 69 1 71 2 61 2 
0 70 2 72 2 
0 71 2 64 8 63 6 
