72 128 011
0 2 1 9 1 10 1 
0 1 1 3 1 11 1 
300 2 1 4 214 12 432 
0 3 214 5 214 
500 4 214 6 478 14 674 
300 5 478 7 330 15 32 
600 6 330 8 244 16 109 
0 7 244 9 1 17 244 
0 8 1 1 1 18 1 
0 11 1 18 1 19 1 1 1 
0 10 1 12 1 20 1 2 1 
500 11 1 13 108 21 775 3 432 
0 12 108 14 108 
500 13 108 15 74 23 977 5 674 
100 14 74 16 16 24 39 6 32 
0 15 16 17 9 25 105 7 109 
0 16 9 18 1 26 253 8 244 
0 17 1 10 1 27 1 9 1 
500 20 381 27 91 28 40 10 1 
100 19 381 21 384 29 75 11 1 
500 20 384 22 551 30 546 12 775 
0 21 551 23 1434 31 1592 
700 22 1434 24 403 32 110 14 977 
500 23 403 25 119 33 45 15 39 
0 24 119 26 45 34 119 16 105 
0 25 45 27 298 17 253 
0 26 298 19 91 36 227 18 1 
0 29 1 36 1 37 40 19 40 
0 28 1 30 1 38 75 20 75 
100 29 1 31 38 39 572 21 546 
0 30 38 32 61 40 1586 22 1592 
100 31 61 33 2 41 87 23 110 
0 32 2 34 2 42 45 24 45 
0 33 2 35 1 43 121 25 119 
0 34 1 36 1 
0 35 1 28 1 45 227 27 227 
400 38 325 45 136 46 36 28 40 
600 37 325 39 576 47 200 29 75 
300 38 576 40 907 48 1232 30 572 
0 39 907 41 1 49 679 31 1586 
0 40 1 42 1 50 87 32 87 
0 41 1 43 1 51 45 33 45 
0 42 1 44 49 52 171 34 121 
0 43 49 45 49 
0 44 49 37 136 54 121 36 227 
0 47 48 54 48 55 36 37 36 
600 46 48 48 382 56 177 38 200 
300 47 382 49 198 57 889 39 1232 
300 48 198 50 182 58 514 40 679 
300 49 182 51 24 59 23 41 87 
0 50 24 52 24 60 45 42 45 
0 51 24 53 12 61 170 43 171 
0 52 12 54 12 
0 53 12 46 48 63 84 45 121 
400 56 363 63 126 64 1 46 36 
700 55 363 57 766 65 86 47 177 
0 56 766 58 314 48 889 
300 57 314 59 490 67 116 49 514 
100 58 490 60 435 68 1 50 23 
500 59 435 61 141 69 1 51 45 
200 60 141 62 43 70 2 52 170 
0 61 43 63 41 71 2 
0 62 41 55 126 72 1 54 84 
0 65 2 72 2 55 1 
100 64 2 66 15 56 86 
0 65 15 67 15 
100 66 15 68 2 58 116 
0 67 2 69 2 59 1 
0 68 2 70 2 60 1 
0 69 2 71 1 61 2 
0 70 1 72 2 62 2 
0 71 2 64 2 63 1 
