72 126 011
0 2 1 9 1 10 1 
0 1 1 3 1 11 1 
300 2 1 4 327 12 559 
0 3 327 5 327 
500 4 327 6 355 14 462 
300 5 355 7 182 15 30 
300 6 182 8 159 16 45 
0 7 159 9 1 17 159 
0 8 1 1 1 18 1 
0 11 24 18 9 19 15 1 1 
300 10 24 12 237 20 39 2 1 
500 11 237 13 122 21 1025 3 559 
0 12 122 14 122 
600 13 122 15 75 23 853 5 462 
100 14 75 16 17 24 36 6 30 
0 15 17 17 14 25 42 7 45 
0 16 14 18 173 8 159 
0 17 173 10 9 27 164 9 1 
500 20 360 27 85 28 46 10 15 
100 19 360 21 305 29 173 11 39 
0 20 305 22 538 30 551 12 1025 
0 21 538 23 1318 31 1523 
700 22 1318 24 319 32 136 14 853 
400 23 319 25 48 33 40 15 36 
0 24 48 26 36 34 30 16 42 
0 25 36 27 36 
0 26 36 19 85 36 167 18 164 
0 29 1 36 1 37 46 19 46 
0 28 1 30 1 38 173 20 173 
100 29 1 31 16 39 566 21 551 
300 30 16 32 64 40 1553 22 1523 
100 31 64 33 1 41 116 23 136 
0 32 1 34 1 42 40 24 40 
0 33 1 35 1 43 30 25 30 
0 34 1 36 1 
0 35 1 28 1 45 167 27 167 
400 38 319 45 90 46 46 28 46 
800 37 319 39 708 47 288 29 173 
300 38 708 40 478 48 737 30 566 
0 39 478 41 64 49 1100 31 1553 
100 40 64 42 3 50 97 32 116 
0 41 3 43 3 51 40 33 40 
0 42 3 44 46 52 73 34 30 
0 43 46 45 46 
0 44 46 37 90 54 74 36 167 
0 47 18 54 19 55 46 37 46 
600 46 18 48 582 56 432 38 288 
0 47 582 49 387 39 737 
300 48 387 50 193 58 1262 40 1100 
300 49 193 51 9 59 30 41 97 
0 50 9 52 9 60 40 42 40 
0 51 9 53 1 61 64 43 73 
0 52 1 54 1 
0 53 1 46 19 63 56 45 74 
500 56 414 63 83 64 1 46 46 
700 55 414 57 561 65 1 47 432 
0 56 561 58 561 
500 57 561 59 434 67 104 49 1262 
100 58 434 60 376 68 1 50 30 
500 59 376 61 90 69 1 51 40 
0 60 90 62 26 70 1 52 64 
0 61 26 63 26 71 1 
0 62 26 55 83 72 1 54 56 
0 65 1 72 1 55 1 
0 64 1 66 1 56 1 
0 65 1 67 1 
100 66 1 68 1 58 104 
0 67 1 69 1 59 1 
0 68 1 70 1 60 1 
0 69 1 71 1 61 1 
0 70 1 72 1 62 1 
0 71 1 64 1 63 1 
