72 128 011
0 2 6 9 6 10 1 
0 1 6 3 6 11 1 
300 2 6 4 111 12 340 
0 3 111 5 111 
500 4 111 6 409 14 711 
300 5 409 7 231 15 15 
300 6 231 8 125 16 62 
0 7 125 9 1 17 125 
0 8 1 1 6 18 6 
0 11 15 18 15 19 1 1 1 
300 10 15 12 232 20 53 2 1 
500 11 232 13 446 21 392 3 340 
0 12 446 14 1026 22 1317 
600 13 1026 15 94 23 200 5 711 
100 14 94 16 22 24 20 6 15 
0 15 22 17 19 25 59 7 62 
0 16 19 18 144 8 125 
0 17 144 10 15 27 146 9 6 
500 20 411 27 136 28 45 10 1 
100 19 411 21 339 29 169 11 53 
0 20 339 22 151 30 466 12 392 
0 21 151 23 683 31 1685 13 1317 
700 22 683 24 307 32 85 14 200 
400 23 307 25 90 33 25 15 20 
0 24 90 26 58 34 67 16 59 
0 25 58 27 58 
200 26 58 19 136 36 182 18 146 
0 29 1 36 1 37 45 19 45 
0 28 1 30 1 38 169 20 169 
100 29 1 31 1033 39 1486 21 466 
300 30 1033 32 63 40 700 22 1685 
100 31 63 33 5 41 69 23 85 
0 32 5 34 5 42 25 24 25 
0 33 5 35 10 43 72 25 67 
0 34 10 36 10 
0 35 10 28 1 45 173 27 182 
400 38 332 45 109 46 45 28 45 
800 37 332 39 697 47 282 29 169 
300 38 697 40 22 48 1200 30 1486 
0 39 22 41 63 49 701 31 700 
100 40 63 42 5 50 51 32 69 
0 41 5 43 5 51 25 33 25 
0 42 5 44 1 52 67 34 72 
0 43 1 45 1 
0 44 1 37 109 54 106 36 173 
0 47 25 54 26 55 45 37 45 
600 46 25 48 954 56 797 38 282 
0 47 954 49 479 39 1200 
300 48 479 50 234 58 908 40 701 
300 49 234 51 39 59 5 41 51 
0 50 39 52 15 60 49 42 25 
0 51 15 53 20 61 32 43 67 
0 52 20 54 57 62 76 
0 53 57 46 26 63 24 45 106 
500 56 385 63 70 64 1 46 45 
700 55 385 57 206 65 1 47 797 
0 56 206 58 206 
500 57 206 59 425 67 104 49 908 
100 58 425 60 346 68 1 50 5 
500 59 346 61 115 69 1 51 49 
0 60 115 62 82 70 1 52 32 
0 61 82 63 45 71 1 53 76 
0 62 45 55 70 72 1 54 24 
0 65 1 72 1 55 1 
0 64 1 66 1 56 1 
0 65 1 67 1 
100 66 1 68 1 58 104 
0 67 1 69 1 59 1 
0 68 1 70 1 60 1 
0 69 1 71 1 61 1 
0 70 1 72 1 62 1 
0 71 1 64 1 63 1 
