72 126 011
0 2 9 9 9 10 1 
100 1 9 3 82 11 10 
300 2 82 4 114 12 398 
0 3 114 5 114 
800 4 114 6 348 14 863 
300 5 348 7 221 15 11 
300 6 221 8 177 16 129 
0 7 177 9 177 
0 8 177 1 9 18 180 
0 11 27 18 27 19 1 1 1 
300 10 27 12 174 20 103 2 10 
300 11 174 13 419 21 264 3 398 
0 12 419 14 1076 22 1405 
600 13 1076 15 37 23 177 5 863 
0 14 37 16 37 24 11 6 11 
0 15 37 17 11 25 155 7 129 
0 16 11 18 11 
0 17 11 10 27 27 202 9 180 
600 20 473 27 171 28 55 10 1 
100 19 473 21 389 29 209 11 103 
0 20 389 22 189 30 367 12 264 
300 21 189 23 651 31 1802 13 1405 
700 22 651 24 345 32 56 14 177 
400 23 345 25 159 33 18 15 11 
0 24 159 26 42 34 212 16 155 
0 25 42 27 42 
200 26 42 19 171 36 268 18 202 
0 29 7 36 7 37 55 19 55 
100 28 7 30 57 38 225 20 209 
100 29 57 31 446 39 796 21 367 
300 30 446 32 1 40 1370 22 1802 
0 31 1 33 1 41 56 23 56 
0 32 1 34 1 42 18 24 18 
0 33 1 35 53 43 264 25 212 
0 34 53 36 53 
0 35 53 28 7 45 214 27 268 
400 38 412 45 217 46 55 28 55 
800 37 412 39 894 47 425 29 225 
0 38 894 40 460 30 796 
0 39 460 41 57 49 1820 31 1370 
100 40 57 42 9 50 42 32 56 
0 41 9 43 9 51 18 33 18 
0 42 9 44 55 52 225 34 264 
0 43 55 45 55 
300 44 55 37 217 54 173 36 214 
100 47 128 54 81 55 50 37 55 
600 46 128 48 360 56 319 38 425 
0 47 360 49 360 
400 48 360 50 218 58 1421 40 1820 
300 49 218 51 45 59 18 41 42 
0 50 45 52 27 60 36 42 18 
0 51 27 53 123 61 85 43 225 
0 52 123 54 54 62 169 
0 53 54 46 81 63 60 45 173 
500 56 361 63 111 64 1 46 50 
400 55 361 57 418 65 47 47 319 
0 56 418 58 418 
500 57 418 59 724 67 129 49 1421 
500 58 724 60 378 68 1 50 18 
500 59 378 61 177 69 1 51 36 
0 60 177 62 91 70 1 52 85 
0 61 91 63 78 71 82 53 169 
0 62 78 55 111 72 47 54 60 
0 65 74 72 76 55 1 
0 64 74 66 28 56 47 
0 65 28 67 28 
100 66 28 68 1 58 129 
0 67 1 69 1 59 1 
0 68 1 70 1 60 1 
0 69 1 71 1 61 1 
0 70 1 72 82 62 82 
200 71 82 64 76 63 47 
