72 128 011
0 2 9 9 9 10 1 
100 1 9 3 82 11 10 
300 2 82 4 214 12 162 
0 3 214 5 848 13 982 
800 4 848 6 379 14 162 
300 5 379 7 225 15 11 
300 6 225 8 98 16 162 
0 7 98 9 98 
0 8 98 1 9 18 101 
0 11 27 18 27 19 1 1 1 
300 10 27 12 174 20 103 2 10 
300 11 174 13 190 21 392 3 162 
0 12 190 14 429 22 1362 4 982 
600 13 429 15 39 23 167 5 162 
0 14 39 16 39 24 11 6 11 
0 15 39 17 11 25 157 7 162 
0 16 11 18 11 
0 17 11 10 27 27 123 9 101 
600 20 472 27 169 28 55 10 1 
100 19 472 21 389 29 210 11 103 
0 20 389 22 832 30 1189 12 392 
300 21 832 23 569 31 984 13 1362 
700 22 569 24 345 32 129 14 167 
400 23 345 25 159 33 18 15 11 
0 24 159 26 44 34 216 16 157 
0 25 44 27 44 
200 26 44 19 169 36 185 18 123 
0 29 4 36 4 37 55 19 55 
100 28 4 30 60 38 227 20 210 
100 29 60 31 71 39 1191 21 1189 
300 30 71 32 1 40 976 22 984 
0 31 1 33 1 41 129 23 129 
0 32 1 34 1 42 18 24 18 
0 33 1 35 1 43 216 25 216 
0 34 1 36 1 
0 35 1 28 4 45 186 27 185 
400 38 465 45 250 46 55 28 55 
800 37 465 39 1157 47 682 29 227 
0 38 1157 40 586 30 1191 
0 39 586 41 67 49 1542 31 976 
100 40 67 42 46 50 88 32 129 
0 41 46 43 9 51 55 33 18 
0 42 9 44 168 52 48 34 216 
0 43 168 45 154 53 226 
300 44 154 37 250 54 61 36 186 
100 47 70 54 17 55 50 37 55 
600 46 70 48 168 56 320 38 682 
0 47 168 49 168 
400 48 168 50 218 58 1336 40 1542 
300 49 218 51 40 59 68 41 88 
0 50 40 52 27 60 68 42 55 
0 51 27 53 19 61 40 43 48 
0 52 19 54 11 62 217 44 226 
0 53 11 46 17 63 58 45 61 
500 56 361 63 111 64 1 46 50 
400 55 361 57 436 65 84 47 320 
0 56 436 58 436 
500 57 436 59 641 67 91 49 1336 
500 58 641 60 346 68 1 50 68 
500 59 346 61 177 69 1 51 68 
0 60 177 62 121 70 21 52 40 
0 61 121 63 78 71 64 53 217 
0 62 78 55 111 72 45 54 58 
0 65 76 72 78 55 1 
0 64 76 66 10 56 84 
0 65 10 67 10 
100 66 10 68 3 58 91 
0 67 3 69 3 59 1 
0 68 3 70 3 60 1 
0 69 3 71 18 61 21 
0 70 18 72 82 62 64 
200 71 82 64 78 63 45 
