72 127 011
0 2 11 9 11 10 1 
100 1 11 3 57 11 32 
400 2 57 4 268 12 183 
0 3 268 5 848 13 1007 
800 4 848 6 437 14 170 
400 5 437 7 269 15 21 
300 6 269 8 78 16 248 
0 7 78 9 78 
0 8 78 1 11 18 84 
0 11 28 18 28 19 1 1 1 
300 10 28 12 174 20 124 2 32 
300 11 174 13 177 21 418 3 183 
200 12 177 14 395 22 1419 4 1007 
600 13 395 15 68 23 175 5 170 
0 14 68 16 68 24 21 6 21 
0 15 68 17 11 25 275 7 248 
0 16 11 18 11 
0 17 11 10 28 27 107 9 84 
600 20 458 27 211 28 47 10 1 
200 19 458 21 433 29 246 11 124 
100 20 433 22 256 30 600 12 418 
300 21 256 23 510 31 1522 13 1419 
600 22 510 24 315 32 107 14 175 
400 23 315 25 165 33 52 15 21 
0 24 165 26 53 34 366 16 275 
0 25 53 27 53 
200 26 53 19 211 36 179 18 107 
0 29 25 36 25 37 47 19 47 
100 28 25 30 296 38 474 20 246 
0 29 296 31 352 21 600 
300 30 352 32 86 40 1875 22 1522 
0 31 86 33 123 41 74 23 107 
200 32 123 34 47 42 57 24 52 
0 33 47 35 1 43 375 25 366 
0 34 1 36 1 
0 35 1 28 25 45 200 27 179 
300 38 342 45 204 46 47 28 47 
800 37 342 39 637 47 496 29 474 
0 38 637 40 637 
0 39 637 41 67 49 1661 31 1875 
100 40 67 42 48 50 31 32 74 
0 41 48 43 11 51 93 33 57 
0 42 11 44 329 52 49 34 375 
0 43 329 45 189 53 335 
300 44 189 37 204 54 98 36 200 
100 47 77 54 37 55 43 37 47 
500 46 77 48 293 56 385 38 496 
0 47 293 49 293 
400 48 293 50 1 58 1377 40 1661 
0 49 1 51 1 59 31 41 31 
0 50 1 52 1 60 93 42 93 
0 51 1 53 1 61 49 43 49 
0 52 1 54 29 62 316 44 335 
0 53 29 46 37 63 98 45 98 
500 56 459 63 256 64 1 46 43 
400 55 459 57 463 65 99 47 385 
0 56 463 58 463 
500 57 463 59 694 67 83 49 1377 
500 58 694 60 442 68 1 50 31 
600 59 442 61 225 69 1 51 93 
0 60 225 62 158 70 22 52 49 
0 61 158 63 210 71 59 53 316 
300 62 210 55 256 72 41 54 98 
0 65 83 72 85 55 1 
0 64 83 66 17 56 99 
0 65 17 67 17 
100 66 17 68 3 58 83 
0 67 3 69 3 59 1 
0 68 3 70 3 60 1 
0 69 3 71 19 61 22 
0 70 19 72 79 62 59 
200 71 79 64 85 63 41 
