72 128 011
100 2 45 9 3 10 51 
300 1 45 3 120 11 355 
300 2 120 4 762 12 886 
700 3 762 5 391 13 113 
500 4 391 6 233 14 18 
0 5 233 7 1 15 233 
0 6 1 8 1 
0 7 1 9 4 17 3 
0 8 4 1 3 18 1 
500 11 325 18 9 1 51 19 460 
0 10 325 12 266 2 355 
300 11 266 13 421 21 1564 3 886 
700 12 421 14 167 4 113 22 62 
0 13 167 15 116 5 18 23 69 
0 14 116 16 282 6 233 24 66 
0 15 282 17 11 25 293 
0 16 11 18 9 8 3 26 2 
0 17 9 10 9 9 1 27 1 
100 20 124 27 301 10 460 28 630 
0 19 124 21 124 
400 20 124 22 268 30 1709 12 1564 
100 21 268 23 214 13 62 31 51 
400 22 214 24 104 14 69 32 34 
0 23 104 25 58 15 66 33 113 
0 24 58 26 118 34 332 16 293 
200 25 118 27 141 17 2 35 38 
300 26 141 19 301 18 1 36 40 
700 29 791 36 211 19 630 37 1478 
0 28 791 30 791 
0 29 791 31 1 39 921 21 1709 
0 30 1 32 1 22 51 40 51 
0 31 1 33 1 23 34 41 34 
0 32 1 34 46 24 113 42 158 
0 33 46 35 29 43 267 25 332 
0 34 29 36 53 26 38 44 51 
300 35 53 28 211 27 40 45 64 
500 38 60 45 433 28 1478 46 1345 
0 37 60 39 60 
200 38 60 40 1 48 889 30 921 
0 39 1 41 1 31 51 49 51 
0 40 1 42 1 32 34 50 34 
0 41 1 43 1 33 158 51 158 
0 42 1 44 129 52 201 34 267 
300 43 129 45 220 35 51 53 69 
400 44 220 37 433 36 64 54 71 
400 47 847 54 448 37 1345 55 246 
0 46 847 48 402 56 920 
500 47 402 49 45 39 889 57 533 
0 48 45 50 45 40 51 58 51 
0 49 45 51 112 41 34 59 173 
0 50 112 52 46 42 158 
0 51 46 53 114 61 159 43 201 
0 52 114 54 147 44 69 62 36 
700 53 147 46 448 45 71 63 44 
300 56 298 63 272 46 246 64 1 
0 55 298 57 362 65 477 47 920 
100 56 362 58 550 48 533 66 375 
700 57 550 59 168 49 51 67 1 
200 58 168 60 78 50 173 68 14 
0 59 78 61 78 
0 60 78 62 149 70 1 52 159 
400 61 149 63 240 53 36 71 1 
100 62 240 55 272 54 44 72 1 
0 65 1 72 1 55 1 
100 64 1 66 387 56 477 
800 65 387 67 15 57 375 
0 66 15 68 15 58 1 
0 67 15 69 1 59 14 
0 68 1 70 1 
0 69 1 71 1 61 1 
0 70 1 72 1 62 1 
0 71 1 64 1 63 1 
