72 128 011
0 2 9 9 9 10 1 
100 1 9 3 58 11 33 
400 2 58 4 151 12 300 
0 3 151 5 800 13 842 
800 4 800 6 427 14 168 
400 5 427 7 277 15 21 
300 6 277 8 77 16 301 
0 7 77 9 77 
0 8 77 1 9 18 81 
0 11 20 18 20 19 1 1 1 
300 10 20 12 175 20 133 2 33 
300 11 175 13 455 21 953 3 300 
200 12 455 14 366 22 812 4 842 
600 13 366 15 99 23 173 5 168 
0 14 99 16 99 24 21 6 21 
0 15 99 17 1 25 369 7 301 
0 16 1 18 1 
0 17 1 10 20 27 86 9 81 
600 20 459 27 209 28 47 10 1 
200 19 459 21 436 29 253 11 133 
100 20 436 22 162 30 913 12 953 
300 21 162 23 515 31 1153 13 812 
600 22 515 24 347 32 75 14 173 
400 23 347 25 232 33 14 15 21 
0 24 232 26 62 34 515 16 369 
0 25 62 27 62 
200 26 62 19 209 36 171 18 86 
0 29 35 36 36 37 47 19 47 
100 28 35 30 476 38 717 20 253 
0 29 476 31 476 21 913 
300 30 476 32 101 40 1622 22 1153 
0 31 101 33 136 41 40 23 75 
200 32 136 34 61 42 20 24 14 
0 33 61 35 385 43 154 25 515 
0 34 385 36 72 44 457 
0 35 72 28 36 45 74 27 171 
300 38 328 45 208 46 47 28 47 
800 37 328 39 395 47 510 29 717 
0 38 395 40 395 
0 39 395 41 67 49 1651 31 1622 
100 40 67 42 18 50 30 32 40 
0 41 18 43 11 51 23 33 20 
0 42 11 44 7 52 153 34 154 
0 43 7 45 188 53 364 35 457 
300 44 188 37 208 54 74 36 74 
100 47 77 54 37 55 43 37 47 
500 46 77 48 556 56 819 38 510 
0 47 556 49 556 
500 48 556 50 1 58 911 40 1651 
0 49 1 51 1 59 30 41 30 
0 50 1 52 1 60 23 42 23 
0 51 1 53 109 61 260 43 153 
0 52 109 54 29 62 238 44 364 
0 53 29 46 37 63 74 45 74 
500 56 469 63 264 64 1 46 43 
400 55 469 57 196 65 97 47 819 
0 56 196 58 196 
500 57 196 59 661 67 70 49 911 
500 58 661 60 408 68 1 50 30 
600 59 408 61 329 69 1 51 23 
0 60 329 62 55 70 27 52 260 
0 61 55 63 208 71 84 53 238 
300 62 208 55 264 72 26 54 74 
0 65 72 72 74 55 1 
0 64 72 66 27 56 97 
0 65 27 67 27 
100 66 27 68 7 58 70 
0 67 7 69 7 59 1 
0 68 7 70 7 60 1 
0 69 7 71 21 61 27 
0 70 21 72 105 62 84 
200 71 105 64 74 63 26 
