72 126 011
0 2 8 9 7 10 1 
100 1 8 3 53 11 40 
400 2 53 4 101 12 345 
300 3 101 5 663 13 890 
800 4 663 6 386 14 170 
400 5 386 7 279 15 17 
0 6 279 8 1 16 279 
0 7 1 9 1 
0 8 1 1 7 18 7 
0 11 54 18 55 19 1 1 1 
700 10 54 12 390 20 283 2 40 
300 11 390 13 376 21 889 3 345 
200 12 376 14 429 22 964 4 890 
700 13 429 15 122 23 164 5 170 
0 14 122 16 122 24 17 6 17 
0 15 122 17 1 25 401 7 279 
0 16 1 18 1 
0 17 1 10 55 27 62 9 7 
600 20 528 27 276 28 52 10 1 
200 19 528 21 693 29 594 11 283 
0 20 693 22 649 12 889 
300 21 649 23 471 31 1672 13 964 
600 22 471 24 288 32 62 14 164 
300 23 288 25 207 33 12 15 17 
0 24 207 26 201 34 448 16 401 
0 25 201 27 201 
600 26 201 19 276 36 336 18 62 
0 29 98 36 97 37 52 19 52 
100 28 98 30 41 38 692 20 594 
0 29 41 31 41 
0 30 41 32 87 40 1651 22 1672 
0 31 87 33 123 41 26 23 62 
200 32 123 34 50 42 18 24 12 
0 33 50 35 283 43 175 25 448 
0 34 283 36 113 44 396 
0 35 113 28 97 45 135 27 336 
300 38 303 45 182 46 54 28 52 
500 37 303 39 302 47 743 29 692 
0 38 302 40 302 
0 39 302 41 1 49 1439 31 1651 
0 40 1 42 1 50 26 32 26 
0 41 1 43 1 51 18 33 18 
0 42 1 44 1 52 175 34 175 
0 43 1 45 144 53 339 35 396 
300 44 144 37 182 54 110 36 135 
100 47 64 54 24 55 51 37 54 
500 46 64 48 696 56 1186 38 743 
0 47 696 49 696 
500 48 696 50 1 58 562 40 1439 
0 49 1 51 1 59 26 41 26 
0 50 1 52 1 60 18 42 18 
0 51 1 53 142 61 315 43 175 
0 52 142 54 13 62 195 44 339 
0 53 13 46 24 63 107 45 110 
600 56 527 63 280 64 1 46 51 
400 55 527 57 261 65 403 47 1186 
0 56 261 58 261 
200 57 261 59 605 67 73 49 562 
500 58 605 60 378 68 1 50 26 
600 59 378 61 395 69 1 51 18 
0 60 395 62 78 52 315 
0 61 78 63 182 71 91 53 195 
300 62 182 55 280 72 27 54 107 
0 65 85 72 87 55 1 
300 64 85 66 31 56 403 
0 65 31 67 31 
100 66 31 68 1 58 73 
0 67 1 69 1 59 1 
0 68 1 70 1 60 1 
0 69 1 71 1 
0 70 1 72 91 62 91 
200 71 91 64 87 63 27 
