72 128 011
0 2 8 9 7 10 1 
100 1 8 3 53 11 40 
400 2 53 4 302 12 623 
300 3 302 5 663 13 612 
800 4 663 6 386 14 170 
400 5 386 7 279 15 17 
0 6 279 8 1 16 279 
0 7 1 9 1 
0 8 1 1 7 18 7 
0 11 72 18 73 19 1 1 1 
700 10 72 12 353 20 302 2 40 
300 11 353 13 187 21 865 3 623 
200 12 187 14 429 22 951 4 612 
700 13 429 15 122 23 164 5 170 
0 14 122 16 122 24 17 6 17 
0 15 122 17 1 25 401 7 279 
0 16 1 18 1 
0 17 1 10 73 27 80 9 7 
600 20 564 27 363 28 52 10 1 
200 19 564 21 621 29 725 11 302 
0 20 621 22 528 12 865 
300 21 528 23 450 31 1478 13 951 
600 22 450 24 366 32 26 14 164 
300 23 366 25 268 33 48 15 17 
0 24 268 26 494 34 175 16 401 
0 25 494 27 482 35 619 
600 26 482 19 363 36 54 18 80 
0 29 5 36 5 37 52 19 52 
100 28 5 30 23 38 723 20 725 
0 29 23 31 23 
0 30 23 32 87 40 1463 22 1478 
0 31 87 33 87 41 26 23 26 
200 32 87 34 50 42 18 24 48 
0 33 50 35 32 43 193 25 175 
0 34 32 36 5 44 615 26 619 
0 35 5 28 5 45 54 27 54 
300 38 320 45 200 46 54 28 52 
500 37 320 39 680 47 1229 29 723 
0 38 680 40 680 
0 39 680 41 1 49 778 31 1463 
0 40 1 42 1 50 26 32 26 
0 41 1 43 1 51 18 33 18 
0 42 1 44 250 52 443 34 193 
0 43 250 45 144 53 308 35 615 
300 44 144 37 200 54 48 36 54 
100 47 64 54 24 55 51 37 54 
500 46 64 48 127 56 1005 38 1229 
0 47 127 49 127 
500 48 127 50 26 58 594 40 778 
0 49 26 51 26 59 26 41 26 
0 50 26 52 26 60 18 42 18 
0 51 26 53 5 61 422 43 443 
0 52 5 54 13 62 300 44 308 
0 53 13 46 24 63 44 45 48 
600 56 486 63 290 64 10 46 51 
400 55 486 57 264 65 208 47 1005 
0 56 264 58 397 66 202 
200 57 397 59 537 67 56 49 594 
500 58 537 60 363 68 1 50 26 
600 59 363 61 482 69 10 51 18 
0 60 482 62 97 52 422 
0 61 97 63 306 71 91 53 300 
300 62 306 55 290 72 17 54 44 
0 65 85 72 97 55 10 
300 64 85 66 170 56 208 
0 65 170 67 37 57 202 
100 66 37 68 10 58 56 
0 67 10 69 10 59 1 
0 68 10 70 1 60 10 
0 69 1 71 1 
0 70 1 72 91 62 91 
200 71 91 64 97 63 17 
