72 126 011
0 2 1 9 1 10 1 
0 1 1 3 1 11 1 
400 2 1 4 116 12 432 
300 3 116 5 557 13 697 
600 4 557 6 335 14 129 
400 5 335 7 256 15 16 
0 6 256 8 1 16 256 
0 7 1 9 1 
0 8 1 1 1 18 1 
0 11 54 18 54 19 1 1 1 
700 10 54 12 550 20 449 2 1 
0 11 550 13 435 3 432 
200 12 435 14 417 22 1498 4 697 
700 13 417 15 120 23 170 5 129 
0 14 120 16 120 24 16 6 16 
0 15 120 17 1 25 377 7 256 
0 16 1 18 1 
0 17 1 10 54 27 54 9 1 
500 20 461 27 312 28 65 10 1 
200 19 461 21 286 29 646 11 449 
0 20 286 22 286 
400 21 286 23 485 31 1744 13 1498 
600 22 485 24 308 32 64 14 170 
300 23 308 25 159 33 100 15 16 
0 24 159 26 433 34 102 16 377 
0 25 433 27 388 35 513 
600 26 388 19 312 36 102 18 54 
0 29 1 36 1 37 65 19 65 
100 28 1 30 31 38 677 20 646 
0 29 31 31 31 
0 30 31 32 85 40 1730 22 1744 
0 31 85 33 85 41 64 23 64 
200 32 85 34 57 42 77 24 100 
0 33 57 35 31 43 127 25 102 
0 34 31 36 1 44 509 26 513 
0 35 1 28 1 45 102 27 102 
300 38 444 45 327 46 83 28 65 
500 37 444 39 1003 47 1558 29 677 
0 38 1003 40 1003 
300 39 1003 41 1 49 731 31 1730 
0 40 1 42 1 50 64 32 64 
0 41 1 43 1 51 77 33 77 
0 42 1 44 34 52 161 34 127 
0 43 34 45 231 53 391 35 509 
600 44 231 37 327 54 119 36 102 
700 47 448 54 172 55 73 37 83 
500 46 448 48 220 56 1158 38 1558 
0 47 220 49 220 
700 48 220 50 34 58 513 40 731 
0 49 34 51 34 59 64 41 64 
0 50 34 52 137 60 179 42 77 
0 51 137 53 25 43 161 
0 52 25 54 84 62 400 44 391 
0 53 84 46 172 63 68 45 119 
600 56 507 63 274 64 1 46 73 
300 55 507 57 392 65 249 47 1158 
0 56 392 58 397 66 199 
200 57 397 59 613 67 48 49 513 
600 58 613 60 421 68 1 50 64 
600 59 421 61 292 69 5 51 179 
0 60 292 62 292 
0 61 292 63 225 71 1 53 400 
300 62 225 55 274 72 1 54 68 
0 65 1 72 1 55 1 
300 64 1 66 55 56 249 
100 65 55 67 51 57 199 
100 66 51 68 5 58 48 
0 67 5 69 5 59 1 
0 68 5 70 1 60 5 
0 69 1 71 1 
0 70 1 72 1 62 1 
0 71 1 64 1 63 1 
