72 128 011
0 2 1 9 1 10 1 
0 1 1 3 1 11 1 
300 2 1 4 106 12 343 
300 3 106 5 553 13 702 
600 4 553 6 334 14 130 
400 5 334 7 258 15 16 
0 6 258 8 1 16 258 
0 7 1 9 1 
0 8 1 1 1 18 1 
0 11 34 18 35 19 1 1 1 
700 10 34 12 423 20 508 2 1 
0 11 423 13 317 3 343 
200 12 317 14 374 22 1355 4 702 
700 13 374 15 215 23 118 5 130 
0 14 215 16 162 24 70 6 16 
0 15 162 17 317 25 103 7 258 
0 16 317 18 34 26 352 
0 17 34 10 35 27 1 9 1 
500 20 534 27 340 28 65 10 1 
200 19 534 21 249 29 746 11 508 
0 20 249 22 249 
400 21 249 23 481 31 1574 13 1355 
600 22 481 24 254 32 64 14 118 
300 23 254 25 160 33 101 15 70 
0 24 160 26 107 34 156 16 103 
0 25 107 27 347 35 496 17 352 
600 26 347 19 340 36 103 18 1 
0 29 1 36 1 37 65 19 65 
100 28 1 30 563 38 1312 20 746 
0 29 563 31 563 
0 30 563 32 84 40 1028 22 1574 
0 31 84 33 84 41 64 23 64 
200 32 84 34 57 42 77 24 101 
0 33 57 35 170 43 348 25 156 
0 34 170 36 1 44 325 26 496 
0 35 1 28 1 45 103 27 103 
300 38 441 45 324 46 84 28 65 
500 37 441 39 66 47 1262 29 1312 
0 38 66 40 66 
300 39 66 41 1 49 972 31 1028 
0 40 1 42 1 50 64 32 64 
0 41 1 43 1 51 77 33 77 
0 42 1 44 14 52 334 34 348 
0 43 14 45 232 53 254 35 325 
600 44 232 37 324 54 120 36 103 
700 47 405 54 226 55 120 37 84 
500 46 405 48 581 56 413 38 1262 
0 47 581 49 691 57 890 
700 48 691 50 142 58 258 40 972 
0 49 142 51 142 59 64 41 64 
0 50 142 52 256 60 405 42 77 
0 51 256 53 79 43 334 
0 52 79 54 125 62 276 44 254 
0 53 125 46 226 63 22 45 120 
600 56 503 63 262 64 1 46 120 
300 55 503 57 442 65 151 47 413 
0 56 442 58 433 66 297 48 890 
200 57 433 59 491 67 47 49 258 
600 58 491 60 254 68 1 50 64 
600 59 254 61 167 69 5 51 405 
0 60 167 62 167 
0 61 167 63 227 71 1 53 276 
300 62 227 55 262 72 1 54 22 
0 65 1 72 1 55 1 
300 64 1 66 151 56 151 
100 65 151 67 51 57 297 
100 66 51 68 5 58 47 
0 67 5 69 5 59 1 
0 68 5 70 1 60 5 
0 69 1 71 1 
0 70 1 72 1 62 1 
0 71 1 64 1 63 1 
