72 126 011
100 2 39 9 1 10 61 
0 1 39 3 39 
300 2 39 4 648 12 916 
700 3 648 5 236 13 122 
300 4 236 6 160 14 24 
0 5 160 7 1 15 160 
0 6 1 8 1 
0 7 1 9 1 17 1 
0 8 1 1 1 18 1 
500 11 177 18 1 1 61 19 375 
0 10 177 12 177 
500 11 177 13 464 21 1596 3 916 
700 12 464 14 110 4 122 22 110 
0 13 110 15 58 5 24 23 76 
0 14 58 16 200 6 160 24 19 
0 15 200 17 1 25 200 
0 16 1 18 1 8 1 26 1 
0 17 1 10 1 9 1 27 1 
100 20 138 27 306 10 375 28 563 
0 19 138 21 138 
400 20 138 22 516 30 1853 12 1596 
500 21 516 23 257 13 110 31 77 
400 22 257 24 153 14 76 32 25 
0 23 153 25 38 15 19 33 133 
0 24 38 26 101 34 205 16 200 
200 25 101 27 133 17 1 35 43 
300 26 133 19 306 18 1 36 48 
700 29 1210 36 211 19 563 37 1793 
0 28 1210 30 1210 
0 29 1210 31 1 39 644 21 1853 
0 30 1 32 1 22 77 40 77 
0 31 1 33 1 23 25 41 25 
0 32 1 34 1 24 133 42 133 
0 33 1 35 19 43 186 25 205 
0 34 19 36 43 26 43 44 57 
300 35 43 28 211 27 48 45 83 
500 38 37 45 630 28 1793 46 1553 
0 37 37 39 37 
100 38 37 40 1 48 629 30 644 
0 39 1 41 1 31 77 49 77 
0 40 1 42 19 32 25 50 44 
0 41 19 43 115 33 133 
0 42 115 44 135 52 204 34 186 
300 43 135 45 212 35 57 53 58 
700 44 212 37 630 36 83 54 130 
300 47 820 54 491 37 1553 55 427 
0 46 820 48 323 56 728 
500 47 323 49 1 39 629 57 439 
0 48 1 50 1 40 77 58 77 
0 49 1 51 1 41 44 59 44 
0 50 1 52 1 
0 51 1 53 44 61 160 43 204 
0 52 44 54 80 44 58 62 21 
700 53 80 46 491 45 130 63 91 
300 56 125 63 255 46 427 64 25 
0 55 125 57 357 65 438 47 728 
100 56 357 58 509 48 439 66 284 
700 57 509 59 104 49 77 67 1 
0 58 104 60 58 50 44 68 1 
0 59 58 61 58 
0 60 58 62 147 70 8 52 160 
400 61 147 63 249 53 21 71 1 
100 62 249 55 255 54 91 72 23 
0 65 46 72 73 55 25 
100 64 46 66 310 56 438 
600 65 310 67 1 57 284 
0 66 1 68 1 58 1 
0 67 1 69 1 59 1 
0 68 1 70 1 
0 69 1 71 8 61 8 
0 70 8 72 8 62 1 
100 71 8 64 73 63 23 
