72 126 011
0 2 1 9 1 10 1 
0 1 1 3 1 11 1 
0 2 1 4 1 
300 3 1 5 654 13 901 
600 4 654 6 404 14 109 
600 5 404 7 332 15 40 
0 6 332 8 1 16 332 
0 7 1 9 1 
0 8 1 1 1 18 1 
0 11 1 18 1 19 1 1 1 
700 10 1 12 227 20 472 2 1 
0 11 227 13 227 
500 12 227 14 436 22 1543 4 901 
700 13 436 15 137 23 89 5 109 
0 14 137 16 93 24 84 6 40 
0 15 93 17 376 25 50 7 332 
0 16 376 18 1 26 376 
0 17 1 10 1 27 1 9 1 
500 20 564 27 361 28 78 10 1 
500 19 564 21 342 29 919 11 472 
0 20 342 22 342 
400 21 342 23 437 31 1564 13 1543 
500 22 437 24 236 32 60 14 89 
300 23 236 25 165 33 39 15 84 
0 24 165 26 51 34 163 16 50 
0 25 51 27 288 35 375 17 376 
600 26 288 19 361 36 119 18 1 
0 29 1 36 1 37 78 19 78 
100 28 1 30 1037 38 1958 20 919 
0 29 1037 31 1037 
0 30 1037 32 1 40 524 22 1564 
0 31 1 33 1 41 60 23 60 
0 32 1 34 1 42 39 24 39 
0 33 1 35 1 43 163 25 163 
0 34 1 36 1 44 375 26 375 
0 35 1 28 1 45 119 27 119 
600 38 625 45 364 46 143 28 78 
500 37 625 39 1 47 1794 29 1958 
0 38 1 40 1 
0 39 1 41 1 49 524 31 524 
0 40 1 42 1 50 60 32 60 
0 41 1 43 49 51 89 33 39 
0 42 49 44 114 34 163 
0 43 114 45 227 53 361 35 375 
600 44 227 37 364 54 124 36 119 
700 47 437 54 169 55 178 37 143 
200 46 437 48 757 56 836 38 1794 
0 47 757 49 533 57 719 
700 48 533 50 31 58 199 40 524 
0 49 31 51 31 59 60 41 60 
0 50 31 52 1 60 120 42 89 
0 51 1 53 1 
0 52 1 54 63 62 321 44 361 
0 53 63 46 169 63 20 45 124 
600 56 538 63 317 64 24 46 178 
300 55 538 57 187 65 299 47 836 
300 56 187 58 436 66 164 48 719 
200 57 436 59 456 67 1 49 199 
600 58 456 60 186 68 1 50 60 
200 59 186 61 145 69 1 51 120 
0 60 145 62 145 
0 61 145 63 235 71 14 53 321 
400 62 235 55 317 72 1 54 20 
100 65 63 72 13 55 24 
300 64 63 66 66 56 299 
100 65 66 67 1 57 164 
0 66 1 68 1 58 1 
0 67 1 69 1 59 1 
0 68 1 70 1 60 1 
0 69 1 71 1 
0 70 1 72 14 62 14 
0 71 14 64 13 63 1 
