72 128 011
0 2 1 9 1 10 1 
0 1 1 3 1 11 1 
0 2 1 4 1 
300 3 1 5 579 13 796 
600 4 579 6 402 14 90 
600 5 402 7 405 15 90 
0 6 405 8 355 16 50 
0 7 355 9 1 17 355 
0 8 1 1 1 18 1 
0 11 1 18 1 19 1 1 1 
700 10 1 12 229 20 471 2 1 
0 11 229 13 229 
500 12 229 14 434 22 1433 4 796 
700 13 434 15 159 23 120 5 90 
0 14 159 16 94 24 84 6 90 
0 15 94 17 35 25 109 7 50 
0 16 35 18 1 26 390 8 355 
0 17 1 10 1 27 1 9 1 
500 20 565 27 364 28 79 10 1 
500 19 565 21 678 29 1245 11 471 
0 20 678 22 678 
400 21 678 23 434 31 1112 13 1433 
500 22 434 24 235 32 90 14 120 
300 23 235 25 166 33 40 15 84 
0 24 166 26 52 34 223 16 109 
0 25 52 27 220 35 318 17 390 
600 26 220 19 364 36 186 18 1 
0 29 1 36 1 37 79 19 79 
100 28 1 30 1 38 1244 20 1245 
0 29 1 31 1 
0 30 1 32 1 40 1112 22 1112 
0 31 1 33 1 41 90 23 90 
0 32 1 34 1 42 40 24 40 
0 33 1 35 1 43 223 25 223 
0 34 1 36 1 44 318 26 318 
0 35 1 28 1 45 186 27 186 
600 38 600 45 538 46 279 28 79 
500 37 600 39 617 47 517 29 1244 
0 38 617 40 737 48 1360 
0 39 737 41 20 49 350 31 1112 
0 40 20 42 20 50 90 32 90 
0 41 20 43 49 51 109 33 40 
0 42 49 44 173 34 223 
0 43 173 45 298 53 292 35 318 
600 44 298 37 538 54 57 36 186 
700 47 435 54 65 55 209 37 279 
200 46 435 48 385 56 399 38 517 
0 47 385 49 406 57 1094 39 1360 
700 48 406 50 12 58 171 40 350 
0 49 12 51 12 59 90 41 90 
0 50 12 52 1 60 121 42 109 
0 51 1 53 1 
0 52 1 54 63 62 252 44 292 
0 53 63 46 65 63 57 45 57 
600 56 534 63 287 64 24 46 209 
300 55 534 57 596 65 281 47 399 
300 56 596 58 432 66 90 48 1094 
200 57 432 59 423 67 1 49 171 
600 58 423 60 186 68 1 50 90 
200 59 186 61 145 69 2 51 121 
0 60 145 62 145 
0 61 145 63 171 71 7 53 252 
400 62 171 55 287 72 1 54 57 
100 65 68 72 9 55 24 
200 64 68 66 13 56 281 
100 65 13 67 1 57 90 
0 66 1 68 1 58 1 
0 67 1 69 1 59 1 
0 68 1 70 2 60 2 
0 69 2 71 2 
0 70 2 72 9 62 7 
0 71 9 64 9 63 1 
