72 127 011
0 2 1 9 1 10 1 
0 1 1 3 1 11 1 
0 2 1 4 1 
700 3 1 5 684 13 1241 
600 4 684 6 395 14 64 
600 5 395 7 297 15 85 
0 6 297 8 297 16 1 
0 7 297 9 1 17 297 
0 8 1 1 1 18 1 
0 11 1 18 1 19 1 1 1 
500 10 1 12 149 20 351 2 1 
0 11 149 13 149 
500 12 149 14 69 22 1548 4 1241 
100 13 69 15 19 23 68 5 64 
0 14 19 16 13 24 81 6 85 
0 15 13 17 4 25 8 7 1 
0 16 4 18 1 26 302 8 297 
0 17 1 10 1 27 1 9 1 
500 20 544 27 315 28 105 10 1 
500 19 544 21 1298 29 1792 11 351 
0 20 1298 22 1298 
400 21 1298 23 343 31 592 13 1548 
500 22 343 24 101 32 63 14 68 
0 23 101 25 66 33 64 15 81 
0 24 66 26 22 34 52 16 8 
0 25 22 27 149 35 262 17 302 
500 26 149 19 315 36 158 18 1 
0 29 1 36 1 37 105 19 105 
100 28 1 30 32 38 1794 20 1792 
0 29 32 31 32 
100 30 32 32 1 40 602 22 592 
0 31 1 33 1 41 63 23 63 
0 32 1 34 1 42 64 24 64 
0 33 1 35 52 25 52 
0 34 52 36 1 44 314 26 262 
0 35 1 28 1 45 158 27 158 
600 38 648 45 516 46 321 28 105 
400 37 648 39 650 47 996 29 1794 
0 38 650 40 232 48 886 
0 39 232 41 30 49 336 31 602 
0 40 30 42 30 50 63 32 63 
0 41 30 43 1 51 93 33 64 
0 42 1 44 1 
0 43 1 45 179 53 240 35 314 
600 44 179 37 516 54 39 36 158 
700 47 438 54 50 55 260 37 321 
200 46 438 48 171 56 659 38 996 
300 47 171 49 417 57 736 39 886 
700 48 417 50 12 58 164 40 336 
0 49 12 51 12 59 63 41 63 
0 50 12 52 1 60 106 42 93 
0 51 1 53 1 
0 52 1 54 49 62 215 44 240 
0 53 49 46 50 63 39 45 39 
700 56 618 63 324 64 27 46 260 
300 55 618 57 261 65 90 47 659 
300 56 261 58 385 66 83 48 736 
100 57 385 59 460 67 1 49 164 
600 58 460 60 171 68 1 50 63 
200 59 171 61 148 69 2 51 106 
0 60 148 62 148 
0 61 148 63 141 71 5 53 215 
400 62 141 55 324 72 1 54 39 
100 65 68 72 7 55 27 
0 64 68 66 21 56 90 
100 65 21 67 1 57 83 
0 66 1 68 1 58 1 
0 67 1 69 1 59 1 
0 68 1 70 2 60 2 
0 69 2 71 2 
0 70 2 72 7 62 5 
0 71 7 64 7 63 1 
