72 128 011
0 2 1 9 1 10 1 
0 1 1 3 1 11 1 
0 2 1 4 1 
700 3 1 5 684 13 1241 
600 4 684 6 395 14 64 
600 5 395 7 297 15 85 
0 6 297 8 80 16 218 
0 7 80 9 1 17 80 
0 8 1 1 1 18 1 
0 11 1 18 1 19 1 1 1 
500 10 1 12 376 20 660 2 1 
0 11 376 13 376 
500 12 376 14 69 22 1238 4 1241 
100 13 69 15 19 23 68 5 64 
0 14 19 16 13 24 81 6 85 
0 15 13 17 1 25 230 7 218 
0 16 1 18 1 26 80 8 80 
0 17 1 10 1 27 1 9 1 
500 20 592 27 315 28 57 10 1 
500 19 592 21 144 29 912 11 660 
0 20 144 22 144 
400 21 144 23 343 31 1521 13 1238 
500 22 343 24 101 32 63 14 68 
0 23 101 25 66 33 64 15 81 
0 24 66 26 26 34 270 16 230 
0 25 26 27 149 35 44 17 80 
500 26 149 19 315 36 158 18 1 
0 29 1 36 89 37 145 19 57 
100 28 1 30 398 38 521 20 912 
0 29 398 31 1192 39 1557 
100 30 1192 32 30 40 336 22 1521 
0 31 30 33 30 41 63 23 63 
0 32 30 34 1 42 93 24 64 
0 33 1 35 270 25 270 
0 34 270 36 1 44 314 26 44 
0 35 1 28 89 45 70 27 158 
600 38 648 45 427 46 273 28 145 
400 37 648 39 623 47 482 29 521 
0 38 623 40 1 48 1448 30 1557 
0 39 1 41 1 49 336 31 336 
0 40 1 42 1 50 63 32 63 
0 41 1 43 1 51 93 33 93 
0 42 1 44 1 
0 43 1 45 179 53 240 35 314 
600 44 179 37 427 54 39 36 70 
700 47 438 54 50 55 212 37 273 
200 46 438 48 808 56 950 38 482 
300 47 808 49 417 57 493 39 1448 
700 48 417 50 12 58 164 40 336 
0 49 12 51 12 59 63 41 63 
0 50 12 52 108 60 215 42 93 
0 51 108 53 108 
0 52 108 54 49 62 106 44 240 
0 53 49 46 50 63 39 45 39 
700 56 667 63 324 64 27 46 212 
300 55 667 57 199 65 104 47 950 
300 56 199 58 385 66 68 48 493 
100 57 385 59 460 67 1 49 164 
600 58 460 60 171 68 1 50 63 
200 59 171 61 40 69 2 51 215 
0 60 40 62 40 
0 61 40 63 141 71 5 53 106 
400 62 141 55 324 72 1 54 39 
100 65 68 72 7 55 27 
0 64 68 66 35 56 104 
100 65 35 67 1 57 68 
0 66 1 68 1 58 1 
0 67 1 69 1 59 1 
0 68 1 70 2 60 2 
0 69 2 71 2 
0 70 2 72 7 62 5 
0 71 7 64 7 63 1 
