72 126 011
0 2 1 9 1 10 1 
300 1 1 3 63 11 237 
0 2 63 4 63 
700 3 63 5 505 13 1050 
300 4 505 6 354 14 32 
600 5 354 7 239 15 89 
0 6 239 8 1 16 239 
0 7 1 9 1 17 1 
0 8 1 1 1 18 1 
0 11 1 18 1 19 1 1 1 
500 10 1 12 537 20 1033 2 237 
0 11 537 13 537 
500 12 537 14 71 22 860 4 1050 
100 13 71 15 20 23 38 5 32 
0 14 20 16 12 24 85 6 89 
0 15 12 17 1 25 252 7 239 
0 16 1 18 1 26 1 8 1 
0 17 1 10 1 27 1 9 1 
100 20 362 27 301 28 15 10 1 
500 19 362 21 209 29 1114 11 1033 
0 20 209 22 209 
700 21 209 23 353 31 1206 13 860 
500 22 353 24 103 32 44 14 38 
0 23 103 25 64 33 65 15 85 
0 24 64 26 315 16 252 
0 25 315 27 115 35 272 17 1 
500 26 115 19 301 36 98 18 1 
0 29 1 36 59 37 74 19 15 
100 28 1 30 334 38 778 20 1114 
0 29 334 31 960 39 1265 
100 30 960 32 40 40 231 22 1206 
0 31 40 33 40 41 44 23 44 
0 32 40 34 1 42 105 24 65 
0 33 1 35 1 
0 34 1 36 1 44 272 26 272 
0 35 1 28 59 45 39 27 98 
600 38 584 45 330 46 196 28 74 
400 37 584 39 241 47 558 29 778 
0 38 241 40 1 48 1187 30 1265 
0 39 1 41 1 49 231 31 231 
0 40 1 42 1 50 44 32 44 
0 41 1 43 1 51 105 33 105 
0 42 1 44 1 
0 43 1 45 133 53 217 35 272 
400 44 133 37 330 54 35 36 39 
600 47 386 54 48 55 174 37 196 
200 46 386 48 632 56 834 38 558 
300 47 632 49 179 57 416 39 1187 
300 48 179 50 6 58 145 40 231 
0 49 6 51 6 59 44 41 44 
0 50 6 52 86 60 198 42 105 
0 51 86 53 86 
0 52 86 54 47 62 106 44 217 
0 53 47 46 48 63 35 45 35 
700 56 723 63 338 64 52 46 174 
0 55 723 57 297 47 834 
300 56 297 58 346 66 146 48 416 
100 57 346 59 413 67 1 49 145 
500 58 413 60 163 68 1 50 44 
200 59 163 61 41 69 2 51 198 
0 60 41 62 41 
0 61 41 63 141 71 6 53 106 
400 62 141 55 338 72 1 54 35 
100 65 42 72 8 55 52 
0 64 42 66 42 
100 65 42 67 1 57 146 
0 66 1 68 1 58 1 
0 67 1 69 1 59 1 
0 68 1 70 2 60 2 
0 69 2 71 2 
0 70 2 72 8 62 6 
0 71 8 64 8 63 1 
