72 128 011
0 2 1 9 1 10 1 
300 1 1 3 244 11 455 
0 2 244 4 244 
700 3 244 5 492 13 819 
300 4 492 6 339 14 31 
600 5 339 7 237 15 106 
0 6 237 8 1 16 237 
0 7 1 9 1 17 1 
0 8 1 1 1 18 1 
0 11 1 18 1 19 1 1 1 
500 10 1 12 105 20 783 2 455 
0 11 105 13 105 
500 12 105 14 75 22 1107 4 819 
100 13 75 15 16 23 38 5 31 
0 14 16 16 8 24 102 6 106 
0 15 8 17 1 25 246 7 237 
0 16 1 18 1 26 1 8 1 
0 17 1 10 1 27 1 9 1 
100 20 390 27 384 28 73 10 1 
500 19 390 21 535 29 549 11 783 
0 20 535 22 1519 30 1679 
700 21 1519 23 411 31 115 13 1107 
500 22 411 24 120 32 43 14 38 
0 23 120 25 44 33 119 15 102 
0 24 44 26 289 16 246 
0 25 289 27 88 35 220 17 1 
500 26 88 19 384 36 39 18 1 
0 29 1 36 1 37 73 19 73 
100 28 1 30 38 38 574 20 549 
0 29 38 31 60 39 1672 21 1679 
100 30 60 32 2 40 90 22 115 
0 31 2 33 2 41 43 23 43 
0 32 2 34 1 42 121 24 119 
0 33 1 35 1 
0 34 1 36 1 44 220 26 220 
0 35 1 28 1 45 39 27 39 
600 38 588 45 330 46 194 28 73 
400 37 588 39 981 47 1278 29 574 
0 38 981 40 1 48 686 30 1672 
0 39 1 41 1 49 90 31 90 
0 40 1 42 1 50 43 32 43 
0 41 1 43 48 51 170 33 121 
0 42 48 44 48 
0 43 48 45 132 53 117 35 220 
400 44 132 37 330 54 35 36 39 
600 47 388 54 47 55 172 37 194 
300 46 388 48 199 56 912 38 1278 
300 47 199 49 180 57 520 39 686 
300 48 180 50 23 58 23 40 90 
0 49 23 51 23 59 43 41 43 
0 50 23 52 11 60 170 42 170 
0 51 11 53 11 
0 52 11 54 47 62 82 44 117 
0 53 47 46 47 63 35 45 35 
700 56 778 63 368 64 87 46 172 
0 55 778 57 317 47 912 
300 56 317 58 496 66 115 48 520 
100 57 496 59 440 67 1 49 23 
500 58 440 60 139 68 1 50 43 
200 59 139 61 42 69 2 51 170 
0 60 42 62 40 70 2 
0 61 40 63 122 71 1 53 82 
400 62 122 55 368 72 1 54 35 
100 65 15 72 2 55 87 
0 64 15 66 15 
100 65 15 67 2 57 115 
0 66 2 68 2 58 1 
0 67 2 69 2 59 1 
0 68 2 70 1 60 2 
0 69 1 71 2 61 2 
0 70 2 72 2 62 1 
0 71 2 64 2 63 1 
