72 126 011
0 2 1 9 1 10 1 
300 1 1 3 404 11 631 
0 2 404 4 404 
700 3 404 5 366 13 568 
300 4 366 6 188 14 29 
300 5 188 7 153 15 43 
0 6 153 8 1 16 153 
0 7 1 9 1 17 1 
0 8 1 1 1 18 1 
300 11 239 18 23 19 38 1 1 
500 10 239 12 135 20 1074 2 631 
0 11 135 13 135 
700 12 135 14 76 22 995 4 568 
100 13 76 15 16 23 34 5 29 
0 14 16 16 13 24 40 6 43 
0 15 13 17 166 7 153 
0 16 166 18 9 26 157 8 1 
0 17 9 10 23 27 14 9 1 
100 20 316 27 367 28 166 10 38 
0 19 316 21 517 29 606 11 1074 
0 20 517 22 1395 30 1599 
700 21 1395 23 323 31 146 13 995 
400 22 323 24 47 32 39 14 34 
0 23 47 25 35 33 29 15 40 
0 24 35 26 35 
0 25 35 27 80 35 161 17 157 
500 26 80 19 367 36 44 18 14 
0 29 1 36 1 37 166 19 166 
100 28 1 30 15 38 618 20 606 
300 29 15 31 63 39 1622 21 1599 
100 30 63 32 1 40 124 22 146 
0 31 1 33 1 41 39 23 39 
0 32 1 34 1 42 29 24 29 
0 33 1 35 1 
0 34 1 36 1 44 161 26 161 
0 35 1 28 1 45 44 27 44 
800 38 727 45 327 46 277 28 166 
400 37 727 39 504 47 763 29 618 
0 38 504 40 63 48 1142 30 1622 
100 39 63 41 3 49 103 31 124 
0 40 3 42 3 50 39 32 39 
0 41 3 43 44 51 70 33 29 
0 42 44 44 44 
0 43 44 45 85 53 71 35 161 
400 44 85 37 327 54 44 36 44 
600 47 594 54 18 55 427 37 277 
0 46 594 48 390 38 763 
300 47 390 49 188 57 1300 39 1142 
300 48 188 50 9 58 29 40 103 
0 49 9 51 9 59 39 41 39 
0 50 9 52 1 60 61 42 70 
0 51 1 53 1 
0 52 1 54 17 62 54 44 71 
0 53 17 46 18 63 44 45 44 
700 56 575 63 419 64 1 46 427 
0 55 575 57 575 
500 56 575 58 442 66 104 48 1300 
100 57 442 59 382 67 1 49 29 
500 58 382 60 86 68 1 50 39 
0 59 86 61 25 69 1 51 61 
0 60 25 62 25 70 1 
0 61 25 63 78 71 1 53 54 
500 62 78 55 419 72 1 54 44 
0 65 1 72 1 55 1 
0 64 1 66 1 
100 65 1 67 1 57 104 
0 66 1 68 1 58 1 
0 67 1 69 1 59 1 
0 68 1 70 1 60 1 
0 69 1 71 1 61 1 
0 70 1 72 1 62 1 
0 71 1 64 1 63 1 
