72 128 011
0 2 1 9 1 10 1 
300 1 1 3 131 11 357 
0 2 131 4 131 
700 3 131 5 415 13 889 
300 4 415 6 223 14 15 
300 5 223 7 102 15 61 
0 6 102 8 1 16 102 
0 7 1 9 1 17 1 
0 8 1 1 1 18 1 
300 11 239 18 9 19 52 1 1 
500 10 239 12 453 20 379 2 357 
0 11 453 13 1208 21 1499 
700 12 1208 14 84 22 239 4 889 
100 13 84 15 8 23 20 5 15 
0 14 8 16 5 24 58 6 61 
0 15 5 17 107 7 102 
0 16 107 18 9 26 98 8 1 
0 17 9 10 9 27 1 9 1 
100 20 313 27 381 28 167 10 52 
0 19 313 21 161 29 437 11 379 
0 20 161 22 676 30 1838 12 1499 
700 21 676 23 302 31 91 13 239 
400 22 302 24 67 32 24 14 20 
0 23 67 25 35 33 66 15 58 
0 24 35 26 35 
0 25 35 27 81 35 102 17 98 
500 26 81 19 381 36 45 18 1 
0 29 1 36 1 37 167 19 167 
100 28 1 30 1125 38 1554 20 437 
300 29 1125 31 62 39 751 21 1838 
100 30 62 32 3 40 71 22 91 
0 31 3 33 3 41 24 23 24 
0 32 3 34 1 42 63 24 66 
0 33 1 35 1 
0 34 1 36 1 44 102 26 102 
0 35 1 28 1 45 45 27 45 
800 38 726 45 330 46 279 28 167 
300 37 726 39 22 47 1228 29 1554 
0 38 22 40 62 48 751 30 751 
100 39 62 41 3 49 50 31 71 
0 40 3 42 3 50 24 32 24 
0 41 3 43 1 51 60 33 63 
0 42 1 44 1 
0 43 1 45 82 53 59 35 102 
400 44 82 37 330 54 44 36 45 
600 47 998 54 1 55 814 37 279 
0 46 998 48 457 38 1228 
300 47 457 49 241 57 926 39 751 
300 48 241 50 33 58 5 40 50 
0 49 33 51 9 59 48 41 24 
0 50 9 52 20 60 32 42 60 
0 51 20 53 45 61 64 
0 52 45 54 1 62 15 44 59 
0 53 1 46 1 63 44 45 44 
700 56 204 63 397 64 1 46 814 
0 55 204 57 204 
500 56 204 58 440 66 104 48 926 
100 57 440 59 356 67 1 49 5 
500 58 356 60 102 68 1 50 48 
0 59 102 61 69 69 1 51 32 
0 60 69 62 44 70 1 52 64 
0 61 44 63 59 71 1 53 15 
500 62 59 55 397 72 1 54 44 
0 65 1 72 1 55 1 
0 64 1 66 1 
100 65 1 67 1 57 104 
0 66 1 68 1 58 1 
0 67 1 69 1 59 1 
0 68 1 70 1 60 1 
0 69 1 71 1 61 1 
0 70 1 72 1 62 1 
0 71 1 64 1 63 1 
