72 126 011
100 2 85 9 5 10 10 
300 1 85 3 118 11 403 
0 2 118 4 118 
800 3 118 5 329 13 909 
300 4 329 6 180 14 11 
300 5 180 7 117 15 133 
0 6 117 8 117 
0 7 117 9 5 17 116 
0 8 5 1 5 18 1 
300 11 183 18 14 19 107 1 10 
300 10 183 12 444 20 246 2 403 
0 11 444 13 1172 21 1508 
700 12 1172 14 29 22 196 4 909 
0 13 29 15 29 23 11 5 11 
0 14 29 16 1 24 162 6 133 
0 15 1 17 1 
0 16 1 18 14 26 113 8 116 
0 17 14 10 14 27 1 9 1 
100 20 369 27 447 28 216 10 107 
0 19 369 21 192 29 344 11 246 
300 20 192 22 676 30 1897 12 1508 
700 21 676 23 329 31 59 13 196 
400 22 329 24 112 32 19 14 11 
0 23 112 25 22 33 190 15 162 
0 24 22 26 22 
0 25 22 27 100 35 119 17 113 
600 26 100 19 447 36 57 18 1 
100 29 60 36 3 37 233 19 216 
100 28 60 30 443 38 767 20 344 
300 29 443 31 1 39 1462 21 1897 
0 30 1 32 1 40 59 22 59 
0 31 1 33 1 41 19 23 19 
0 32 1 34 28 42 219 24 190 
0 33 28 35 28 
0 34 28 36 3 44 87 26 119 
0 35 3 28 3 45 57 27 57 
800 38 859 45 318 46 441 28 233 
0 37 859 39 431 29 767 
0 38 431 40 59 48 1882 30 1462 
100 39 59 41 5 49 43 31 59 
0 40 5 42 5 50 19 32 19 
0 41 5 43 15 51 203 33 219 
0 42 15 44 15 
0 43 15 45 86 53 69 35 87 
400 44 86 37 318 54 57 36 57 
600 47 380 54 91 55 312 37 441 
0 46 380 48 380 
400 47 380 49 229 57 1473 39 1882 
300 48 229 50 32 58 18 40 43 
0 49 32 51 14 59 37 41 19 
0 50 14 52 130 60 70 42 203 
0 51 130 53 27 61 149 
0 52 27 54 33 62 30 44 69 
100 53 33 46 91 63 52 45 57 
400 56 442 63 380 64 49 46 312 
0 55 442 57 442 
500 56 442 58 761 66 130 48 1473 
500 57 761 59 374 67 1 49 18 
500 58 374 60 137 68 1 50 37 
0 59 137 61 66 69 1 51 70 
0 60 66 62 81 70 87 52 149 
0 61 81 63 90 71 39 53 30 
500 62 90 55 380 72 1 54 52 
0 65 29 72 79 55 49 
0 64 29 66 29 
100 65 29 67 1 57 130 
0 66 1 68 1 58 1 
0 67 1 69 1 59 1 
0 68 1 70 1 60 1 
0 69 1 71 87 61 87 
200 70 87 72 77 62 39 
0 71 77 64 79 63 1 
