72 128 011
100 2 85 9 5 10 10 
300 1 85 3 226 11 154 
0 2 226 4 855 12 997 
800 3 855 5 379 13 179 
300 4 379 6 202 14 11 
300 5 202 7 61 15 171 
0 6 61 8 61 
0 7 61 9 5 17 60 
0 8 5 1 5 18 1 
300 11 183 18 14 19 107 1 10 
300 10 183 12 203 20 379 2 154 
0 11 203 13 500 21 1438 3 997 
700 12 500 14 34 22 186 4 179 
0 13 34 15 34 23 11 5 11 
0 14 34 16 1 24 165 6 171 
0 15 1 17 1 
0 16 1 18 14 26 57 8 60 
0 17 14 10 14 27 1 9 1 
100 20 369 27 445 28 218 10 107 
0 19 369 21 609 29 934 11 379 
300 20 609 22 591 30 1284 12 1438 
700 21 591 23 329 31 135 13 186 
400 22 329 24 112 32 19 14 11 
0 23 112 25 22 33 193 15 165 
0 24 22 26 22 
0 25 22 27 98 35 61 17 57 
600 26 98 19 445 36 57 18 1 
100 29 60 36 3 37 235 19 218 
100 28 60 30 60 38 934 20 934 
300 29 60 31 1 39 1273 21 1284 
0 30 1 32 1 40 135 22 135 
0 31 1 33 1 41 19 23 19 
0 32 1 34 1 42 193 24 193 
0 33 1 35 1 
0 34 1 36 3 44 58 26 61 
0 35 3 28 3 45 57 27 57 
800 38 894 45 306 46 442 28 235 
0 37 894 39 565 29 934 
0 38 565 40 70 48 1816 30 1273 
100 39 70 41 43 49 91 31 135 
0 40 43 42 5 50 57 32 19 
0 41 5 43 142 51 50 33 193 
0 42 142 44 62 52 174 
0 43 62 45 52 53 26 35 58 
400 44 52 37 306 54 57 36 57 
600 47 400 54 77 55 314 37 442 
0 46 400 48 400 
400 47 400 49 229 57 1387 39 1816 
300 48 229 50 28 58 71 40 91 
0 49 28 51 14 59 71 41 57 
0 50 14 52 6 60 42 42 50 
0 51 6 53 11 61 178 43 174 
0 52 11 54 13 62 28 44 26 
100 53 13 46 77 63 52 45 57 
400 56 461 63 380 64 87 46 314 
0 55 461 57 461 
500 56 461 58 675 66 93 48 1387 
500 57 675 59 340 67 1 49 71 
500 58 340 60 137 68 1 50 71 
0 59 137 61 75 69 19 51 42 
0 60 75 62 81 70 68 52 178 
0 61 81 63 90 71 38 53 28 
500 62 90 55 380 72 1 54 52 
0 65 10 72 81 55 87 
0 64 10 66 10 
100 65 10 67 1 57 93 
0 66 1 68 1 58 1 
0 67 1 69 1 59 1 
0 68 1 70 19 60 19 
0 69 19 71 87 61 68 
200 70 87 72 79 62 38 
0 71 79 64 81 63 1 
