72 127 011
100 2 60 9 7 10 33 
400 1 60 3 284 11 168 
0 2 284 4 852 12 1022 
800 3 852 5 439 13 189 
400 4 439 6 246 14 22 
300 5 246 7 54 15 243 
0 6 54 8 54 
0 7 54 9 7 17 55 
0 8 7 1 7 18 1 
300 11 182 18 16 19 130 1 33 
300 10 182 12 190 20 396 2 168 
200 11 190 13 475 21 1492 3 1022 
700 12 475 14 52 22 196 4 189 
0 13 52 15 52 23 22 5 22 
0 14 52 16 1 24 257 6 243 
0 15 1 17 1 
0 16 1 18 16 26 55 8 55 
0 17 16 10 16 27 1 9 1 
200 20 407 27 420 28 257 10 130 
0 19 407 21 236 29 532 11 396 
300 20 236 22 524 30 1604 12 1492 
600 21 524 23 302 31 115 13 196 
400 22 302 24 127 32 54 14 22 
0 23 127 25 65 33 352 15 257 
0 24 65 26 65 
0 25 65 27 135 35 40 17 55 
600 26 135 19 420 36 50 18 1 
100 29 260 36 1 37 468 19 257 
0 28 260 30 321 20 532 
300 29 321 31 89 39 1925 21 1604 
0 30 89 32 129 40 78 22 115 
200 31 129 33 41 41 59 23 54 
0 32 41 34 1 42 361 24 352 
0 33 1 35 1 
0 34 1 36 1 44 40 26 40 
0 35 1 28 1 45 50 27 50 
800 38 610 45 218 46 460 28 468 
0 37 610 39 610 
0 38 610 40 69 48 1712 30 1925 
100 39 69 41 45 49 32 31 78 
0 40 45 42 7 50 97 32 59 
0 41 7 43 278 51 84 33 361 
0 42 278 44 41 52 270 
0 43 41 45 54 53 53 35 40 
300 44 54 37 218 54 49 36 50 
500 47 311 54 83 55 372 37 460 
0 46 311 48 311 
400 47 311 49 1 57 1426 39 1712 
0 48 1 50 1 58 32 40 32 
0 49 1 51 1 59 97 41 97 
0 50 1 52 1 60 84 42 84 
0 51 1 53 31 61 250 43 270 
0 52 31 54 35 62 58 44 53 
100 53 35 46 83 63 45 45 49 
400 56 492 63 479 64 101 46 372 
0 55 492 57 492 
500 56 492 58 726 66 85 48 1426 
500 57 726 59 440 67 1 49 32 
600 58 440 60 185 68 1 50 97 
0 59 185 61 80 69 20 51 84 
0 60 80 62 223 70 64 52 250 
300 61 223 63 239 71 34 53 58 
500 62 239 55 479 72 1 54 45 
0 65 18 72 87 55 101 
0 64 18 66 18 
100 65 18 67 1 57 85 
0 66 1 68 1 58 1 
0 67 1 69 1 59 1 
0 68 1 70 20 60 20 
0 69 20 71 84 61 64 
200 70 84 72 85 62 34 
0 71 85 64 87 63 1 
