72 128 011
100 2 60 9 5 10 35 
400 1 60 3 163 11 289 
0 2 163 4 816 12 866 
800 3 816 5 404 13 189 
400 4 404 6 232 14 22 
300 5 232 7 54 15 278 
0 6 54 8 54 
0 7 54 9 5 17 54 
0 8 5 1 5 18 1 
300 11 182 18 8 19 140 1 35 
300 10 182 12 475 20 943 2 289 
200 11 475 13 437 21 871 3 866 
700 12 437 14 91 22 196 4 189 
0 13 91 15 91 23 22 5 22 
0 14 91 16 1 24 331 6 278 
0 15 1 17 1 
0 16 1 18 8 26 46 8 54 
0 17 8 10 8 27 1 9 1 
200 20 407 27 420 28 267 10 140 
0 19 407 21 154 29 855 11 943 
300 20 154 22 524 30 1207 12 871 
600 21 524 23 302 31 115 13 196 
400 22 302 24 167 32 14 14 22 
0 23 167 25 32 33 433 15 331 
0 24 32 26 32 
0 25 32 27 135 35 63 17 46 
600 26 135 19 420 36 50 18 1 
100 29 457 36 5 37 680 19 267 
0 28 457 30 436 20 855 
300 29 436 31 103 39 1630 21 1207 
0 30 103 32 175 40 43 22 115 
200 31 175 33 55 41 54 23 14 
0 32 55 34 320 42 135 24 433 
0 33 320 35 49 43 370 
0 34 49 36 6 44 19 26 63 
0 35 6 28 5 45 50 27 50 
800 38 364 45 230 46 480 28 680 
0 37 364 39 364 
0 38 364 40 69 48 1640 30 1630 
100 39 69 41 14 49 32 31 43 
0 40 14 42 7 50 58 32 54 
0 41 7 43 3 51 134 33 135 
0 42 3 44 73 52 332 34 370 
0 43 73 45 86 53 33 35 19 
300 44 86 37 230 54 49 36 50 
500 47 582 54 83 55 829 37 480 
0 46 582 48 582 
400 47 582 49 1 57 918 39 1640 
0 48 1 50 1 58 32 40 32 
0 49 1 51 1 59 58 41 58 
0 50 1 52 61 60 194 42 134 
0 51 61 53 31 61 252 43 332 
0 52 31 54 35 62 37 44 33 
100 53 35 46 83 63 45 45 49 
400 56 207 63 487 64 99 46 829 
0 55 207 57 207 
500 56 207 58 682 66 73 48 918 
500 57 682 59 396 67 1 49 32 
600 58 396 60 269 68 1 50 58 
0 59 269 61 58 69 25 51 194 
0 60 58 62 223 70 88 52 252 
300 61 223 63 247 71 22 53 37 
500 62 247 55 487 72 1 54 45 
0 65 28 72 74 55 99 
0 64 28 66 28 
100 65 28 67 3 57 73 
0 66 3 68 3 58 1 
0 67 3 69 3 59 1 
0 68 3 70 22 60 25 
0 69 22 71 109 61 88 
200 70 109 72 73 62 22 
0 71 73 64 74 63 1 
