72 126 011
100 2 57 9 2 10 42 
400 1 57 3 107 11 343 
300 2 107 4 709 12 933 
800 3 709 5 359 13 180 
400 4 359 6 218 14 18 
0 5 218 7 1 15 218 
0 6 1 8 1 
0 7 1 9 2 17 2 
0 8 2 1 2 18 1 
700 11 417 18 1 19 312 1 42 
300 10 417 12 369 20 880 2 343 
200 11 369 13 458 21 1034 3 933 
700 12 458 14 83 22 174 4 180 
0 13 83 15 83 23 18 5 18 
0 14 83 16 1 24 301 6 218 
0 15 1 17 1 
0 16 1 18 1 26 2 8 2 
0 17 1 10 1 27 1 9 1 
200 20 605 27 421 28 631 10 312 
0 19 605 21 645 11 880 
300 20 645 22 505 30 1766 12 1034 
600 21 505 23 268 31 66 13 174 
300 22 268 24 161 32 12 14 18 
0 23 161 25 48 33 436 15 301 
0 24 48 26 48 
0 25 48 27 118 35 73 17 2 
600 26 118 19 421 36 55 18 1 
100 29 44 36 5 37 641 19 631 
0 28 44 30 44 
0 29 44 31 93 39 1745 21 1766 
0 30 93 32 131 40 27 22 66 
200 31 131 33 40 41 19 23 12 
0 32 40 34 271 42 184 24 436 
0 33 271 35 49 43 320 
0 34 49 36 5 44 29 26 73 
0 35 5 28 5 45 55 27 55 
500 38 277 45 211 46 732 28 641 
0 37 277 39 277 
0 38 277 40 1 48 1523 30 1745 
0 39 1 41 1 49 27 31 27 
0 40 1 42 1 50 19 32 19 
0 41 1 43 1 51 184 33 184 
0 42 1 44 40 52 312 34 320 
0 43 40 45 59 53 48 35 29 
300 44 59 37 211 54 57 36 55 
500 47 733 54 161 55 1215 37 732 
0 46 733 48 733 
400 47 733 49 1 57 682 39 1523 
0 48 1 50 1 58 27 40 27 
0 49 1 51 1 59 19 41 19 
0 50 1 52 80 60 263 42 184 
0 51 80 53 88 61 195 43 312 
200 52 88 54 109 62 53 44 48 
100 53 109 46 161 63 54 45 57 
400 56 334 63 561 64 410 46 1215 
0 55 334 57 334 
400 56 334 58 647 66 72 48 682 
500 57 647 59 373 67 1 49 27 
600 58 373 60 347 68 1 50 19 
0 59 347 61 83 51 263 
0 60 83 62 192 70 85 52 195 
300 61 192 63 256 71 27 53 53 
600 62 256 55 561 72 1 54 54 
300 65 31 72 93 55 410 
0 64 31 66 31 
100 65 31 67 1 57 72 
0 66 1 68 1 58 1 
0 67 1 69 1 59 1 
0 68 1 70 1 
0 69 1 71 85 61 85 
200 70 85 72 91 62 27 
0 71 91 64 93 63 1 
