72 128 011
100 2 57 9 1 10 43 
400 1 57 3 302 11 620 
300 2 302 4 709 12 656 
800 3 709 5 359 13 180 
400 4 359 6 218 14 18 
0 5 218 7 1 15 218 
0 6 1 8 1 
0 7 1 9 1 17 1 
0 8 1 1 1 18 1 
700 11 379 18 39 19 314 1 43 
300 10 379 12 187 20 855 2 620 
200 11 187 13 458 21 1020 3 656 
700 12 458 14 83 22 174 4 180 
0 13 83 15 83 23 18 5 18 
0 14 83 16 1 24 301 6 218 
0 15 1 17 1 
0 16 1 18 38 26 39 8 1 
0 17 38 10 39 27 1 9 1 
200 20 574 27 405 28 654 10 314 
0 19 574 21 561 11 855 
300 20 561 22 482 30 1604 12 1020 
600 21 482 23 350 31 27 13 174 
300 22 350 24 226 32 51 14 18 
0 23 226 25 343 33 184 15 301 
0 24 343 26 183 34 453 
0 25 183 27 156 35 11 17 39 
600 26 156 19 405 36 55 18 1 
100 29 23 36 5 37 657 19 654 
0 28 23 30 23 
0 29 23 31 93 39 1590 21 1604 
0 30 93 32 93 40 27 22 27 
200 31 93 33 40 41 19 23 51 
0 32 40 34 21 42 203 24 184 
0 33 21 35 5 43 457 25 453 
0 34 5 36 5 44 11 26 11 
0 35 5 28 5 45 55 27 55 
500 38 709 45 211 46 1241 28 657 
0 37 709 39 709 
0 38 709 40 1 48 875 30 1590 
0 39 1 41 1 49 27 31 27 
0 40 1 42 1 50 19 32 19 
0 41 1 43 131 51 334 33 203 
0 42 131 44 40 52 319 34 457 
0 43 40 45 59 53 29 35 11 
300 44 59 37 211 54 57 36 55 
500 47 104 54 163 55 1030 37 1241 
0 46 104 48 104 
400 47 104 49 1 57 726 39 875 
0 48 1 50 1 58 27 40 27 
0 49 1 51 1 59 19 41 19 
0 50 1 52 25 60 358 42 334 
0 51 25 53 88 61 257 43 319 
200 52 88 54 111 62 37 44 29 
100 53 111 46 163 63 54 45 57 
400 56 329 63 518 64 200 46 1030 
0 55 329 57 474 65 217 
400 56 474 58 566 66 59 48 726 
500 57 566 59 345 67 1 49 27 
600 58 345 60 423 68 5 50 19 
0 59 423 61 102 51 358 
0 60 102 62 273 70 85 52 257 
300 61 273 63 267 71 16 53 37 
600 62 267 55 518 72 11 54 54 
300 65 184 72 93 55 200 
0 64 184 66 38 56 217 
100 65 38 67 5 57 59 
0 66 5 68 5 58 1 
0 67 5 69 1 59 5 
0 68 1 70 1 
0 69 1 71 85 61 85 
200 70 85 72 102 62 16 
0 71 102 64 93 63 11 
