72 126 011
0 2 1 9 1 10 1 
400 1 1 3 130 11 435 
300 2 130 4 576 12 698 
600 3 576 5 312 13 145 
400 4 312 6 214 14 18 
0 5 214 7 1 15 214 
0 6 1 8 1 
0 7 1 9 1 17 1 
0 8 1 1 1 18 1 
700 11 554 18 1 19 483 1 1 
0 10 554 12 437 2 435 
200 11 437 13 433 21 1489 3 698 
700 12 433 14 83 22 191 4 145 
0 13 83 15 83 23 18 5 18 
0 14 83 16 1 24 297 6 214 
0 15 1 17 1 
0 16 1 18 1 26 1 8 1 
0 17 1 10 1 27 1 9 1 
200 20 210 27 312 28 607 10 483 
0 19 210 21 210 
400 20 210 22 500 30 1665 12 1489 
600 21 500 23 286 31 71 13 191 
300 22 286 24 113 32 112 14 18 
0 23 113 25 296 33 114 15 297 
0 24 296 26 119 34 352 
0 25 119 27 136 35 18 17 1 
500 26 136 19 312 36 72 18 1 
100 29 32 36 1 37 643 19 607 
0 28 32 30 32 
0 29 32 31 86 39 1637 21 1665 
0 30 86 32 86 40 71 22 71 
200 31 86 33 49 41 86 23 112 
0 32 49 34 18 42 146 24 114 
0 33 18 35 1 43 351 25 352 
0 34 1 36 1 44 18 26 18 
0 35 1 28 1 45 72 27 72 
500 38 992 45 283 46 1559 28 643 
0 37 992 39 992 
0 38 992 40 1 48 644 30 1637 
0 39 1 41 1 49 71 31 71 
0 40 1 42 1 50 86 32 86 
0 41 1 43 1 51 146 33 146 
0 42 1 44 113 52 314 34 351 
200 43 113 45 143 53 54 35 18 
300 44 143 37 283 54 93 36 72 
500 47 100 54 545 55 1203 37 1559 
0 46 100 48 100 
300 47 100 49 1 57 551 39 644 
0 48 1 50 1 58 71 40 71 
0 49 1 51 115 59 200 41 86 
0 50 115 52 32 42 146 
0 51 32 53 166 61 298 43 314 
200 52 166 54 221 62 59 44 54 
700 53 221 46 545 63 81 45 93 
300 56 498 63 523 64 248 46 1203 
0 55 498 57 509 65 197 
400 56 509 58 619 66 49 48 551 
600 57 619 59 389 67 1 49 71 
600 58 389 60 229 68 5 50 200 
0 59 229 61 229 
0 60 229 62 203 70 1 52 298 
300 61 203 63 245 71 1 53 59 
600 62 245 55 523 72 1 54 81 
300 65 56 72 1 55 248 
100 64 56 66 49 56 197 
100 65 49 67 5 57 49 
0 66 5 68 5 58 1 
0 67 5 69 1 59 5 
0 68 1 70 1 
0 69 1 71 1 61 1 
0 70 1 72 1 62 1 
0 71 1 64 1 63 1 
