72 128 011
100 2 34 9 1 10 66 
0 1 34 3 34 
300 2 34 4 555 12 804 
700 3 555 5 282 13 122 
300 4 282 6 225 14 68 
0 5 225 7 206 15 19 
0 6 206 8 1 16 206 
0 7 1 9 1 17 1 
0 8 1 1 1 18 1 
500 11 171 18 1 1 66 19 386 
0 10 171 12 171 
500 11 171 13 466 21 1485 3 804 
700 12 466 14 103 4 122 22 154 
0 13 103 15 58 5 68 23 75 
0 14 58 16 13 6 19 24 64 
0 15 13 17 1 25 219 7 206 
0 16 1 18 1 8 1 26 1 
0 17 1 10 1 9 1 27 1 
100 20 798 27 309 10 386 28 1238 
0 19 798 21 798 
400 20 798 22 497 30 1071 12 1485 
500 21 497 23 237 13 154 31 121 
400 22 237 24 151 14 75 32 46 
0 23 151 25 27 15 64 33 188 
0 24 27 26 79 34 192 16 219 
200 25 79 27 136 17 1 35 62 
300 26 136 19 309 18 1 36 48 
700 29 1 36 214 19 1238 37 1270 
0 28 1 30 1 
0 29 1 31 1 39 1071 21 1071 
0 30 1 32 1 22 121 40 121 
0 31 1 33 1 23 46 41 46 
0 32 1 34 11 24 188 42 177 
0 33 11 35 19 43 184 25 192 
0 34 19 36 32 26 62 44 65 
300 35 32 28 214 27 48 45 90 
500 38 701 45 593 28 1270 46 430 
0 37 701 39 615 47 1257 
100 38 615 40 1 48 482 30 1071 
0 39 1 41 1 31 121 49 121 
0 40 1 42 19 32 46 50 65 
0 41 19 43 159 33 177 
0 42 159 44 200 52 181 34 184 
300 43 200 45 301 35 65 53 28 
700 44 301 37 593 36 90 54 175 
300 47 500 54 493 37 430 55 253 
0 46 500 48 260 56 977 38 1257 
500 47 260 49 1 39 482 57 369 
0 48 1 50 1 40 121 58 121 
0 49 1 51 1 41 65 59 65 
0 50 1 52 1 
0 51 1 53 44 61 138 43 181 
0 52 44 54 44 44 28 62 28 
700 53 44 46 493 45 175 63 100 
300 56 292 63 257 46 253 64 121 
100 55 292 57 361 65 350 47 977 
100 56 361 58 466 48 369 66 260 
700 57 466 59 103 49 121 67 1 
0 58 103 60 58 50 65 68 21 
0 59 58 61 58 
0 60 58 62 126 70 6 52 138 
400 61 126 63 260 53 28 71 1 
100 62 260 55 257 54 100 72 20 
0 65 56 72 77 55 121 
100 64 56 66 313 56 350 
600 65 313 67 22 57 260 
0 66 22 68 22 58 1 
0 67 22 69 1 59 21 
0 68 1 70 1 
0 69 1 71 6 61 6 
0 70 6 72 6 62 1 
100 71 6 64 77 63 20 
