72 128 011
0 2 1 9 1 10 1 
400 1 1 3 130 11 435 
300 2 130 4 576 12 698 
600 3 576 5 312 13 145 
400 4 312 6 214 14 18 
0 5 214 7 1 15 214 
0 6 1 8 1 
0 7 1 9 1 17 1 
0 8 1 1 1 18 1 
700 11 451 18 39 19 547 1 1 
0 10 451 12 334 2 435 
200 11 334 13 397 21 1333 3 698 
700 12 397 14 197 22 131 4 145 
0 13 197 15 137 23 77 5 18 
0 14 137 16 237 24 114 6 214 
0 15 237 17 38 25 275 
0 16 38 18 38 26 1 8 1 
0 17 38 10 39 27 1 9 1 
200 20 191 27 328 28 728 10 547 
0 19 191 21 191 
400 20 191 22 500 30 1489 12 1333 
600 21 500 23 227 31 71 13 131 
300 22 227 24 113 32 112 14 77 
0 23 113 25 37 33 189 15 114 
0 24 37 26 80 34 331 16 275 
0 25 80 27 98 35 18 17 1 
500 26 98 19 328 36 72 18 1 
100 29 598 36 1 37 1328 19 728 
0 28 598 30 598 
0 29 598 31 86 39 898 21 1489 
0 30 86 32 86 40 71 22 71 
200 31 86 33 49 41 86 23 112 
0 32 49 34 74 42 295 24 189 
0 33 74 35 1 43 257 25 331 
0 34 1 36 1 44 18 26 18 
0 35 1 28 1 45 72 27 72 
500 38 1 45 283 46 1250 28 1328 
0 37 1 39 1 
0 38 1 40 1 48 898 30 898 
0 39 1 41 1 49 71 31 71 
0 40 1 42 1 50 86 32 86 
0 41 1 43 9 51 286 33 295 
0 42 9 44 113 52 228 34 257 
200 43 113 45 143 53 54 35 18 
300 44 143 37 283 54 93 36 72 
500 47 557 54 492 55 427 37 1250 
0 46 557 48 538 56 925 
300 47 538 49 85 57 316 39 898 
0 48 85 50 85 58 71 40 71 
0 49 85 51 180 59 351 41 86 
0 50 180 52 107 42 286 
0 51 107 53 220 61 234 43 228 
200 52 220 54 260 62 18 44 54 
700 53 260 46 492 63 122 45 93 
300 56 436 63 523 64 148 46 427 
0 55 436 57 564 65 297 47 925 
400 56 564 58 533 66 49 48 316 
600 57 533 59 248 67 1 49 71 
600 58 248 60 164 68 5 50 351 
0 59 164 61 164 
0 60 164 62 203 70 1 52 234 
300 61 203 63 243 71 1 53 18 
600 62 243 55 523 72 1 54 122 
300 65 154 72 1 55 148 
100 64 154 66 49 56 297 
100 65 49 67 5 57 49 
0 66 5 68 5 58 1 
0 67 5 69 1 59 5 
0 68 1 70 1 
0 69 1 71 1 61 1 
0 70 1 72 1 62 1 
0 71 1 64 1 63 1 
