72 126 011
0 2 1 9 1 10 1 
0 1 1 3 1 
300 2 1 4 669 12 916 
600 3 669 5 395 13 114 
600 4 395 6 305 14 41 
0 5 305 7 1 15 305 
0 6 1 8 1 
0 7 1 9 1 17 1 
0 8 1 1 1 18 1 
700 11 243 18 1 19 457 1 1 
0 10 243 12 243 
500 11 243 13 448 21 1565 3 916 
700 12 448 14 119 22 93 4 114 
0 13 119 15 73 23 87 5 41 
0 14 73 16 326 24 52 6 305 
0 15 326 17 1 25 326 
0 16 1 18 1 26 1 8 1 
0 17 1 10 1 27 1 9 1 
500 20 295 27 320 28 819 10 457 
0 19 295 21 295 
400 20 295 22 447 30 1624 12 1565 
500 21 447 23 226 31 62 13 93 
300 22 226 24 145 32 41 14 87 
0 23 145 25 40 33 157 15 52 
0 24 40 26 64 34 353 16 326 
0 25 64 27 97 35 34 17 1 
500 26 97 19 320 36 81 18 1 
100 29 1100 36 170 37 1928 19 819 
0 28 1100 30 1100 
0 29 1100 31 1 39 520 21 1624 
0 30 1 32 1 40 62 22 62 
0 31 1 33 1 41 41 23 41 
0 32 1 34 1 42 157 24 157 
0 33 1 35 120 43 288 25 353 
400 34 120 36 169 44 112 26 34 
0 35 169 28 170 45 81 27 81 
500 38 44 45 464 46 1771 28 1928 
0 37 44 39 44 
100 38 44 40 1 48 499 30 520 
0 39 1 41 1 49 62 31 62 
0 40 1 42 51 50 93 32 41 
0 41 51 43 105 33 157 
0 42 105 44 116 52 324 34 288 
200 43 116 45 180 53 120 35 112 
600 44 180 37 464 54 149 36 81 
200 47 663 54 527 55 861 37 1771 
0 46 663 48 309 56 738 
300 47 309 49 27 57 259 39 499 
0 48 27 50 27 58 62 40 62 
0 49 27 51 1 59 120 41 93 
0 50 1 52 1 
0 51 1 53 126 61 249 43 324 
200 52 126 54 243 62 27 44 120 
700 53 243 46 527 63 197 45 149 
300 56 173 63 549 64 301 46 861 
300 55 173 57 562 65 163 47 738 
400 56 562 58 473 66 1 48 259 
600 57 473 59 177 67 1 49 62 
200 58 177 60 124 68 1 50 120 
0 59 124 61 124 
0 60 124 62 194 70 9 52 249 
400 61 194 63 293 71 1 53 27 
600 62 293 55 549 72 27 54 197 
300 65 65 72 67 55 301 
100 64 65 66 1 56 163 
0 65 1 67 1 57 1 
0 66 1 68 1 58 1 
0 67 1 69 1 59 1 
0 68 1 70 1 
0 69 1 71 9 61 9 
0 70 9 72 9 62 1 
100 71 9 64 67 63 27 
