72 128 011
0 2 1 9 1 10 1 
0 1 1 3 1 
300 2 1 4 587 12 823 
600 3 587 5 384 13 93 
600 4 384 6 367 14 93 
0 5 367 7 315 15 52 
0 6 315 8 1 16 315 
0 7 1 9 1 17 1 
0 8 1 1 1 18 1 
700 11 237 18 1 19 463 1 1 
0 10 237 12 237 
500 11 237 13 448 21 1466 3 823 
700 12 448 14 140 22 124 4 93 
0 13 140 15 73 23 87 5 93 
0 14 73 16 24 24 100 6 52 
0 15 24 17 1 25 340 7 315 
0 16 1 18 1 26 1 8 1 
0 17 1 10 1 27 1 9 1 
500 20 648 27 320 28 1179 10 463 
0 19 648 21 648 
400 20 648 22 447 30 1171 12 1466 
500 21 447 23 226 31 93 13 124 
300 22 226 24 145 32 41 14 87 
0 23 145 25 13 33 232 15 100 
0 24 13 26 47 34 322 16 340 
0 25 47 27 97 35 51 17 1 
500 26 97 19 320 36 81 18 1 
100 29 1 36 170 37 1184 19 1179 
0 28 1 30 1 
0 29 1 31 1 39 1171 21 1171 
0 30 1 32 1 40 93 22 93 
0 31 1 33 1 41 41 23 41 
0 32 1 34 27 42 205 24 232 
0 33 27 35 120 43 284 25 322 
400 34 120 36 169 44 129 26 51 
0 35 169 28 170 45 81 27 81 
500 38 540 45 453 46 553 28 1184 
0 37 540 39 873 47 1358 
100 38 873 40 22 48 306 30 1171 
0 39 22 41 22 49 93 31 93 
0 40 22 42 51 50 115 32 41 
0 41 51 43 153 33 205 
0 42 153 44 178 52 306 34 284 
200 43 178 45 293 53 56 35 129 
600 44 293 37 453 54 230 36 81 
200 47 431 54 527 55 429 37 553 
0 46 431 48 171 56 1170 38 1358 
300 47 171 49 5 57 228 39 306 
0 48 5 50 5 58 93 40 93 
0 49 5 51 1 59 120 41 115 
0 50 1 52 1 
0 51 1 53 126 61 232 43 306 
200 52 126 54 182 62 44 44 56 
700 53 182 46 527 63 197 45 230 
300 56 652 63 549 64 375 46 429 
300 55 652 57 562 65 89 47 1170 
400 56 562 58 442 66 1 48 228 
600 57 442 59 177 67 1 49 93 
200 58 177 60 122 68 2 50 120 
0 59 122 61 122 
0 60 122 62 176 70 8 52 232 
400 61 176 63 293 71 1 53 44 
600 62 293 55 549 72 27 54 197 
300 65 14 72 67 55 375 
100 64 14 66 1 56 89 
0 65 1 67 1 57 1 
0 66 1 68 1 58 1 
0 67 1 69 2 59 2 
0 68 2 70 2 
0 69 2 71 9 61 8 
0 70 9 72 9 62 1 
100 71 9 64 67 63 27 
