72 127 011
0 2 1 9 1 10 1 
0 1 1 3 1 
700 2 1 4 720 12 1244 
600 3 720 5 411 13 68 
600 4 411 6 290 14 89 
0 5 290 7 290 15 1 
0 6 290 8 1 16 290 
0 7 1 9 1 17 1 
0 8 1 1 1 18 1 
500 11 151 18 1 19 349 1 1 
0 10 151 12 151 
500 11 151 13 152 21 1588 3 1244 
200 12 152 14 48 22 76 4 68 
0 13 48 15 35 23 82 5 89 
0 14 35 16 1 24 35 6 1 
0 15 1 17 1 25 290 7 290 
0 16 1 18 1 26 1 8 1 
0 17 1 10 1 27 1 9 1 
500 20 894 27 322 28 1389 10 349 
0 19 894 21 894 
400 20 894 22 359 30 1034 12 1588 
500 21 359 23 101 31 67 13 76 
0 22 101 24 66 32 64 14 82 
0 23 66 25 1 33 101 15 35 
0 24 1 26 47 34 285 16 290 
0 25 47 27 73 35 26 17 1 
500 26 73 19 322 36 103 18 1 
100 29 138 36 192 37 1375 19 1389 
0 28 138 30 138 
500 29 138 31 13 39 1080 21 1034 
0 30 13 32 13 40 67 22 67 
0 31 13 33 13 41 64 23 64 
0 32 13 34 114 24 101 
0 33 114 35 103 43 371 25 285 
400 34 103 36 191 44 98 26 26 
0 35 191 28 192 45 103 27 103 
400 38 545 45 475 46 665 28 1375 
0 37 545 39 743 47 1239 
100 38 743 40 38 48 327 30 1080 
0 39 38 41 38 49 67 31 67 
0 40 38 42 1 50 102 32 64 
0 41 1 43 1 
0 42 1 44 108 52 352 34 371 
200 43 108 45 253 53 20 35 98 
600 44 253 37 475 54 250 36 103 
200 47 191 54 445 55 340 37 665 
300 46 191 48 163 56 1150 38 1239 
300 47 163 49 13 57 243 39 327 
0 48 13 50 13 58 67 40 67 
0 49 13 51 1 59 115 41 102 
0 50 1 52 1 
0 51 1 53 66 61 346 43 352 
0 52 66 54 66 62 20 44 20 
700 53 66 46 445 63 221 45 250 
300 56 659 63 633 64 159 46 340 
300 55 659 57 482 65 80 47 1150 
300 56 482 58 477 66 1 48 243 
600 57 477 59 168 67 1 49 67 
200 58 168 60 111 68 38 50 115 
0 59 111 61 111 
0 60 111 62 170 70 200 52 346 
400 61 170 63 343 71 1 53 20 
700 62 343 55 633 72 23 54 221 
0 65 23 72 143 55 159 
100 64 23 66 1 56 80 
0 65 1 67 1 57 1 
0 66 1 68 1 58 1 
0 67 1 69 38 59 38 
0 68 38 70 38 
300 69 38 71 81 61 200 
0 70 81 72 81 62 1 
100 71 81 64 143 63 23 
