72 128 011
0 2 1 9 1 10 1 
0 1 1 3 1 
700 2 1 4 720 12 1244 
600 3 720 5 411 13 68 
600 4 411 6 290 14 89 
0 5 290 7 26 15 264 
0 6 26 8 1 16 26 
0 7 1 9 1 17 1 
0 8 1 1 1 18 1 
500 11 373 18 1 19 652 1 1 
0 10 373 12 373 
500 11 373 13 152 21 1285 3 1244 
200 12 152 14 48 22 76 4 68 
0 13 48 15 35 23 82 5 89 
0 14 35 16 1 24 298 6 264 
0 15 1 17 1 25 26 7 26 
0 16 1 18 1 26 1 8 1 
0 17 1 10 1 27 1 9 1 
500 20 138 27 370 28 900 10 652 
0 19 138 21 138 
400 20 138 22 349 30 1579 12 1285 
500 21 349 23 91 31 67 13 76 
0 22 91 24 56 32 64 14 82 
0 23 56 25 1 33 354 15 298 
0 24 1 26 47 34 22 16 26 
0 25 47 27 73 35 26 17 1 
500 26 73 19 370 36 56 18 1 
100 29 428 36 192 37 493 19 900 
0 28 428 30 1382 38 1645 
500 29 1382 31 36 39 351 21 1579 
0 30 36 32 36 40 67 22 67 
0 31 36 33 1 41 101 23 64 
0 32 1 34 354 24 354 
0 33 354 35 103 43 348 25 22 
400 34 103 36 260 44 29 26 26 
0 35 260 28 192 45 124 27 56 
400 38 542 45 475 46 486 28 493 
0 37 542 39 57 47 1488 29 1645 
100 38 57 40 2 48 327 30 351 
0 39 2 41 2 49 67 31 67 
0 40 2 42 1 50 102 32 101 
0 41 1 43 1 
0 42 1 44 108 52 328 34 348 
200 43 108 45 184 53 20 35 29 
600 44 184 37 475 54 202 36 124 
200 47 865 54 445 55 1028 37 486 
300 46 865 48 163 56 532 38 1488 
300 47 163 49 13 57 243 39 327 
0 48 13 50 13 58 67 40 67 
0 49 13 51 72 59 187 41 102 
0 50 72 52 72 
0 51 72 53 66 61 250 43 328 
0 52 66 54 66 62 20 44 20 
700 53 66 46 445 63 174 45 202 
300 56 245 63 681 64 193 46 1028 
300 55 245 57 482 65 70 47 532 
300 56 482 58 477 66 1 48 243 
600 57 477 59 168 67 1 49 67 
200 58 168 60 39 68 38 50 187 
0 59 39 61 39 
0 60 39 62 170 70 177 52 250 
400 61 170 63 343 71 1 53 20 
700 62 343 55 681 72 23 54 174 
0 65 34 72 166 55 193 
100 64 34 66 1 56 70 
0 65 1 67 1 57 1 
0 66 1 68 1 58 1 
0 67 1 69 38 59 38 
0 68 38 70 38 
300 69 38 71 104 61 177 
0 70 104 72 104 62 1 
100 71 104 64 166 63 23 
