72 126 011
300 2 68 9 1 10 232 
0 1 68 3 68 
700 2 68 4 654 12 1144 
500 3 654 5 402 13 55 
600 4 402 6 268 14 104 
0 5 268 7 1 15 268 
0 6 1 8 1 16 1 
0 7 1 9 1 17 1 
0 8 1 1 1 18 1 
500 11 530 18 1 19 1010 1 232 
0 10 530 12 530 
500 11 530 13 153 21 983 3 1144 
200 12 153 14 51 22 64 4 55 
0 13 51 15 37 23 96 5 104 
0 14 37 16 1 24 305 6 268 
0 15 1 17 1 25 1 7 1 
0 16 1 18 1 26 1 8 1 
0 17 1 10 1 27 1 9 1 
500 20 189 27 77 28 1108 10 1010 
0 19 189 21 189 
700 20 189 22 368 30 1318 12 983 
500 21 368 23 116 31 55 13 64 
0 22 116 24 79 32 77 14 96 
0 23 79 25 384 15 305 
0 24 384 26 10 34 383 16 1 
0 25 10 27 14 35 4 17 1 
100 26 14 19 77 36 12 18 1 
100 29 370 36 201 37 704 19 1108 
0 28 370 30 1171 38 1380 
500 29 1171 31 45 39 250 21 1318 
0 30 45 32 45 40 55 22 55 
0 31 45 33 1 41 122 23 77 
0 32 1 34 1 
0 33 1 35 102 43 354 25 383 
400 34 102 36 273 44 22 26 4 
0 35 273 28 201 45 85 27 12 
400 38 222 45 496 46 542 28 704 
0 37 222 39 53 47 1240 29 1380 
100 38 53 40 4 48 218 30 250 
0 39 4 41 4 49 55 31 55 
0 40 4 42 1 50 126 32 122 
0 41 1 43 1 
0 42 1 44 111 52 333 34 354 
200 43 111 45 196 53 22 35 22 
600 44 196 37 496 54 181 36 85 
200 47 668 54 395 55 866 37 542 
300 46 668 48 1 56 470 38 1240 
0 47 1 49 1 57 218 39 218 
0 48 1 50 1 58 55 40 55 
0 49 1 51 61 59 188 41 126 
0 50 61 52 61 
0 51 61 53 60 61 265 43 333 
0 52 60 54 60 62 22 44 22 
600 53 60 46 395 63 177 45 181 
0 56 326 63 746 46 866 
300 55 326 57 427 65 177 47 470 
300 56 427 58 427 66 1 48 218 
500 57 427 59 175 67 1 49 55 
200 58 175 60 38 68 32 50 188 
0 59 38 61 38 
0 60 38 62 227 70 245 52 265 
400 61 227 63 401 71 1 53 22 
700 62 401 55 746 72 46 54 177 
0 65 78 72 80 
100 64 78 66 1 56 177 
0 65 1 67 1 57 1 
0 66 1 68 1 58 1 
0 67 1 69 32 59 32 
0 68 32 70 32 
300 69 32 71 42 61 245 
0 70 42 72 42 62 1 
100 71 42 64 80 63 46 
