72 127 011
100 2 30 9 1 10 70 
0 1 30 3 30 
500 2 30 4 629 12 1055 
700 3 629 5 239 13 97 
300 4 239 6 175 14 57 
0 5 175 7 175 15 1 
0 6 175 8 1 16 175 
0 7 1 9 1 17 1 
0 8 1 1 1 18 1 
500 11 148 18 1 1 70 19 414 
0 10 148 12 148 
500 11 148 13 281 21 1569 3 1055 
400 12 281 14 57 4 97 22 113 
0 13 57 15 40 5 57 23 54 
0 14 40 16 17 6 1 24 24 
0 15 17 17 1 25 192 7 175 
0 16 1 18 1 8 1 26 1 
0 17 1 10 1 9 1 27 1 
100 20 1357 27 430 10 414 28 1864 
0 19 1357 21 1357 
400 20 1357 22 432 30 607 12 1569 
500 21 432 23 153 13 113 31 95 
200 22 153 24 119 14 54 32 39 
0 23 119 25 34 15 24 33 108 
0 24 34 26 132 34 154 16 192 
500 25 132 27 266 17 1 35 143 
300 26 266 19 430 18 1 36 72 
700 29 42 36 396 19 1864 37 1912 
0 28 42 30 42 
100 29 42 31 1 39 607 21 607 
0 30 1 32 1 22 95 40 95 
0 31 1 33 1 23 39 41 39 
0 32 1 34 108 24 108 
0 33 108 35 25 43 237 25 154 
0 34 25 36 65 26 143 44 133 
600 35 65 28 396 27 72 45 175 
200 38 768 45 593 28 1912 46 1011 
0 37 768 39 217 47 920 
100 38 217 40 1 48 428 30 607 
0 39 1 41 1 31 95 49 95 
0 40 1 42 1 32 39 50 39 
0 41 1 43 1 
0 42 1 44 101 52 172 34 237 
300 43 101 45 295 35 133 53 27 
700 44 295 37 593 36 175 54 308 
300 47 145 54 456 37 1011 55 649 
300 46 145 48 288 56 748 38 920 
500 47 288 49 1 39 428 57 327 
0 48 1 50 1 40 95 58 95 
0 49 1 51 1 41 39 59 39 
0 50 1 52 1 
0 51 1 53 29 61 143 43 172 
0 52 29 54 29 44 27 62 27 
700 53 29 46 456 45 308 63 226 
300 56 173 63 508 46 649 64 202 
100 55 173 57 332 65 303 47 748 
0 56 332 58 492 48 327 66 239 
700 57 492 59 103 49 95 67 1 
0 58 103 60 72 50 39 68 10 
0 59 72 61 72 
0 60 72 62 116 70 4 52 143 
400 61 116 63 300 53 27 71 1 
500 62 300 55 508 54 226 72 22 
0 65 136 72 77 55 202 
100 64 136 66 345 56 303 
600 65 345 67 10 57 239 
0 66 10 68 10 58 1 
0 67 10 69 1 59 10 
0 68 1 70 1 
0 69 1 71 4 61 4 
0 70 4 72 4 62 1 
100 71 4 64 77 63 22 
