72 128 011
300 2 224 9 1 10 429 
0 1 224 3 224 
700 2 224 4 654 12 947 
500 3 654 5 402 13 55 
600 4 402 6 268 14 104 
0 5 268 7 1 15 268 
0 6 1 8 1 16 1 
0 7 1 9 1 17 1 
0 8 1 1 1 18 1 
500 11 89 18 1 19 723 1 429 
0 10 89 12 89 
500 11 89 13 147 21 1291 3 947 
200 12 147 14 30 22 64 4 55 
0 13 30 15 16 23 96 5 104 
0 14 16 16 1 24 284 6 268 
0 15 1 17 1 25 1 7 1 
0 16 1 18 1 26 1 8 1 
0 17 1 10 1 27 1 9 1 
500 20 447 27 79 28 492 10 723 
0 19 447 21 1595 29 1755 
700 20 1595 22 402 30 205 12 1291 
500 21 402 23 113 31 55 13 64 
0 22 113 24 28 32 127 14 96 
0 23 28 25 312 15 284 
0 24 312 26 8 34 309 16 1 
0 25 8 27 8 35 1 17 1 
100 26 8 19 79 36 16 18 1 
100 29 143 36 201 37 522 19 492 
0 28 143 30 265 38 1783 20 1755 
500 29 265 31 23 39 75 21 205 
0 30 23 32 23 40 55 22 55 
0 31 23 33 1 41 150 23 127 
0 32 1 34 1 
0 33 1 35 102 43 279 25 309 
400 34 102 36 276 44 22 26 1 
0 35 276 28 201 45 85 27 16 
400 38 1112 45 496 46 1321 28 522 
0 37 1112 39 53 47 682 29 1783 
100 38 53 40 4 48 44 30 75 
0 39 4 41 4 49 55 31 55 
0 40 4 42 49 50 203 32 150 
0 41 49 43 49 
0 42 49 44 111 52 209 34 279 
200 43 111 45 196 53 22 35 22 
600 44 196 37 496 54 181 36 85 
200 47 85 54 395 55 997 37 1321 
300 46 85 48 1 56 560 38 682 
0 47 1 49 1 57 44 39 44 
0 48 1 50 1 58 55 40 55 
0 49 1 51 11 59 214 41 203 
0 50 11 52 11 
0 51 11 53 60 61 193 43 209 
0 52 60 54 60 62 22 44 22 
600 53 60 46 395 63 177 45 181 
0 56 364 63 839 46 997 
300 55 364 57 602 65 127 47 560 
300 56 602 58 427 66 1 48 44 
500 57 427 59 175 67 1 49 55 
200 58 175 60 97 68 2 50 214 
0 59 97 61 38 69 59 
0 60 38 62 134 70 119 52 193 
400 61 134 63 359 71 1 53 22 
700 62 359 55 839 72 193 54 177 
0 65 32 72 32 
100 64 32 66 2 56 127 
0 65 2 67 2 57 1 
0 66 2 68 2 58 1 
0 67 2 69 1 59 2 
0 68 1 70 59 60 59 
300 69 59 71 129 61 119 
0 70 129 72 129 62 1 
100 71 129 64 32 63 193 
