72 126 011
300 2 426 9 1 10 647 
0 1 426 3 426 
700 2 426 4 529 12 651 
500 3 529 5 245 13 51 
300 4 245 6 198 14 38 
0 5 198 7 1 15 198 
0 6 1 8 1 16 1 
0 7 1 9 1 17 1 
0 8 1 1 1 18 1 
500 11 99 18 245 19 1028 1 647 
0 10 99 12 99 
700 11 99 13 147 21 1144 3 651 
200 12 147 14 32 22 58 4 51 
0 13 32 15 22 23 38 5 38 
0 14 22 16 220 6 198 
0 15 220 17 16 25 220 7 1 
0 16 16 18 16 26 1 8 1 
300 17 16 10 245 27 44 9 1 
0 20 395 27 65 28 642 10 1028 
0 19 395 21 1462 29 1629 
700 20 1462 22 352 30 163 12 1144 
400 21 352 23 87 31 51 13 58 
0 22 87 24 26 32 78 14 38 
0 23 26 25 26 
0 24 26 26 5 34 246 16 220 
0 25 5 27 5 35 1 17 1 
100 26 5 19 65 36 70 18 44 
100 29 127 36 250 37 668 19 642 
300 28 127 30 287 38 1690 20 1629 
500 29 287 31 14 39 37 21 163 
0 30 14 32 14 40 51 22 51 
0 31 14 33 1 41 92 23 78 
0 32 1 34 1 
0 33 1 35 101 43 219 25 246 
500 34 101 36 366 44 32 26 1 
0 35 366 28 250 45 149 27 70 
400 38 513 45 618 46 807 28 668 
0 37 513 39 1 47 1180 29 1690 
0 38 1 40 1 48 37 30 37 
0 39 1 41 1 49 51 31 51 
0 40 1 42 32 50 124 32 92 
0 41 32 43 32 
0 42 32 44 84 52 176 34 219 
200 43 84 45 186 53 32 35 32 
800 44 186 37 618 54 237 36 149 
0 47 380 54 617 37 807 
300 46 380 48 1 56 1414 38 1180 
0 47 1 49 1 57 37 39 37 
0 48 1 50 1 58 51 40 51 
0 49 1 51 1 59 124 41 124 
0 50 1 52 1 
0 51 1 53 16 61 160 43 176 
0 52 16 54 16 62 32 44 32 
600 53 16 46 617 63 443 45 237 
0 56 585 63 579 
500 55 585 57 593 65 131 47 1414 
300 56 593 58 384 66 1 48 37 
500 57 384 59 100 67 1 49 51 
0 58 100 60 115 68 1 50 124 
0 59 115 61 23 69 92 
0 60 23 62 102 70 109 52 160 
500 61 102 63 403 71 1 53 32 
700 62 403 55 579 72 72 54 443 
0 65 33 72 33 
100 64 33 66 1 56 131 
0 65 1 67 1 57 1 
0 66 1 68 1 58 1 
0 67 1 69 1 59 1 
0 68 1 70 92 60 92 
300 69 92 71 104 61 109 
0 70 104 72 104 62 1 
0 71 104 64 33 63 72 
