72 128 011
300 2 143 9 1 10 363 
0 1 143 3 143 
700 2 143 4 555 12 1000 
500 3 555 5 248 13 28 
300 4 248 6 98 14 97 
0 5 98 7 1 15 98 
0 6 1 8 1 16 1 
0 7 1 9 1 17 1 
0 8 1 1 1 18 1 
500 11 454 18 245 19 372 1 363 
0 10 454 12 1248 20 1530 
700 11 1248 13 200 21 308 3 1000 
200 12 200 14 59 22 35 4 28 
0 13 59 15 9 23 137 5 97 
0 14 9 16 107 6 98 
0 15 107 17 16 25 107 7 1 
0 16 16 18 16 26 1 8 1 
300 17 16 10 245 27 44 9 1 
0 20 36 27 65 28 384 10 372 
0 19 36 21 650 29 1940 11 1530 
700 20 650 22 314 30 150 12 308 
400 21 314 23 86 31 27 13 35 
0 22 86 24 26 32 175 14 137 
0 23 26 25 26 
0 24 26 26 5 34 133 16 107 
0 25 5 27 5 35 1 17 1 
100 26 5 19 65 36 70 18 44 
100 29 1383 36 250 37 1661 19 384 
300 28 1383 30 287 38 750 20 1940 
500 29 287 31 28 39 37 21 150 
0 30 28 32 28 40 27 22 27 
0 31 28 33 1 41 175 23 175 
0 32 1 34 1 
0 33 1 35 101 43 105 25 133 
500 34 101 36 366 44 32 26 1 
0 35 366 28 250 45 149 27 70 
400 38 1 45 622 46 1287 28 1661 
0 37 1 39 1 47 750 29 750 
0 38 1 40 1 48 37 30 37 
0 39 1 41 1 49 27 31 27 
0 40 1 42 1 50 175 32 175 
0 41 1 43 1 
0 42 1 44 59 52 76 34 105 
200 43 59 45 168 53 32 35 32 
800 44 168 37 622 54 260 36 149 
0 47 395 54 1081 37 1287 
300 46 395 48 1 56 998 38 750 
0 47 1 49 23 57 14 39 37 
0 48 23 50 1 58 51 40 27 
0 49 1 51 130 59 45 41 175 
0 50 130 52 32 60 162 
0 51 32 53 1 61 44 43 76 
0 52 1 54 1 62 32 44 32 
600 53 1 46 1081 63 914 45 260 
0 56 168 63 164 
500 55 168 57 593 65 131 47 998 
300 56 593 58 361 66 1 48 14 
500 57 361 59 123 67 1 49 51 
0 58 123 60 78 68 1 50 45 
0 59 78 61 41 69 134 51 162 
0 60 41 62 69 70 44 52 44 
500 61 69 63 398 71 1 53 32 
700 62 398 55 164 72 95 54 914 
0 65 33 72 33 
100 64 33 66 1 56 131 
0 65 1 67 1 57 1 
0 66 1 68 1 58 1 
0 67 1 69 1 59 1 
0 68 1 70 134 60 134 
300 69 134 71 125 61 44 
0 70 125 72 125 62 1 
0 71 125 64 33 63 95 
