72 126 011
300 2 138 9 85 10 403 
0 1 138 3 138 
800 2 138 4 453 12 983 
500 3 453 5 247 13 19 
300 4 247 6 147 14 156 
0 5 147 7 147 
0 6 147 8 7 16 148 
0 7 7 9 7 17 1 
100 8 7 1 85 18 12 
300 11 392 18 177 19 264 1 403 
0 10 392 12 1185 20 1472 
700 11 1185 13 59 21 194 3 983 
0 12 59 14 59 22 19 4 19 
0 13 59 15 1 23 215 5 156 
0 14 1 16 1 
0 15 1 17 20 25 151 7 148 
0 16 20 18 20 26 1 8 1 
300 17 20 10 177 27 113 9 12 
0 20 112 27 197 28 298 10 264 
300 19 112 21 666 29 1898 11 1472 
700 20 666 22 323 30 1 12 194 
400 21 323 23 138 31 19 13 19 
0 22 138 24 30 32 260 14 215 
0 23 30 25 30 
0 24 30 26 66 34 173 16 151 
300 25 66 27 208 35 39 17 1 
100 26 208 19 197 36 182 18 113 
100 29 546 36 288 37 714 19 298 
300 28 546 30 1 38 1361 20 1898 
0 29 1 31 1 39 1 21 1 
0 30 1 32 1 40 19 22 19 
0 31 1 33 38 41 298 23 260 
0 32 38 34 38 
0 33 38 35 102 43 118 25 173 
500 34 102 36 346 44 68 26 39 
100 35 346 28 288 45 265 27 182 
0 38 313 45 726 28 714 
0 37 313 39 1 47 1674 29 1361 
0 38 1 40 1 48 1 30 1 
0 39 1 41 1 49 19 31 19 
0 40 1 42 8 50 291 32 298 
0 41 8 43 8 
0 42 8 44 62 52 97 34 118 
200 43 62 45 156 53 66 35 68 
800 44 156 37 726 54 494 36 265 
0 47 393 54 394 
400 46 393 48 1 56 1335 38 1674 
0 47 1 49 1 57 1 39 1 
0 48 1 50 1 58 19 40 19 
0 49 1 51 207 59 84 41 291 
0 50 207 52 27 60 218 
0 51 27 53 57 61 64 43 97 
200 52 57 54 150 62 56 44 66 
600 53 150 46 394 63 361 45 494 
0 56 403 63 407 
500 55 403 57 601 65 157 47 1335 
300 56 601 58 363 66 1 48 1 
500 57 363 59 158 67 1 49 19 
0 58 158 60 73 68 1 50 84 
0 59 73 61 92 69 161 51 218 
0 60 92 62 111 70 83 52 64 
500 61 111 63 354 71 1 53 56 
400 62 354 55 407 72 99 54 361 
0 65 60 72 60 
100 64 60 66 1 56 157 
0 65 1 67 1 57 1 
0 66 1 68 1 58 1 
0 67 1 69 1 59 1 
0 68 1 70 161 60 161 
400 69 161 71 158 61 83 
0 70 158 72 158 62 1 
0 71 158 64 60 63 99 
