72 128 011
300 2 213 9 85 10 163 
0 1 213 3 932 11 1050 
800 2 932 4 549 12 208 
500 3 549 5 258 13 19 
300 4 258 6 56 14 213 
0 5 56 7 56 
0 6 56 8 7 16 57 
0 7 7 9 7 17 1 
100 8 7 1 85 18 12 
300 11 216 18 177 19 365 1 163 
0 10 216 12 477 20 1456 2 1050 
700 11 477 13 48 21 194 3 208 
0 12 48 14 48 22 19 4 19 
0 13 48 15 1 23 221 5 213 
0 14 1 16 1 
0 15 1 17 20 25 60 7 57 
0 16 20 18 20 26 1 8 1 
300 17 20 10 177 27 113 9 12 
0 20 927 27 197 28 1241 10 365 
300 19 927 21 602 29 975 11 1456 
700 20 602 22 323 30 66 12 194 
400 21 323 23 138 31 19 13 19 
0 22 138 24 11 32 285 14 221 
0 23 11 25 11 
0 24 11 26 62 34 60 16 60 
300 25 62 27 205 35 39 17 1 
100 26 205 19 197 36 185 18 113 
100 29 60 36 315 37 1118 19 1241 
300 28 60 30 1 38 949 20 975 
0 29 1 31 1 39 66 21 66 
0 30 1 32 1 40 19 22 19 
0 31 1 33 19 41 266 23 285 
0 32 19 34 19 
0 33 19 35 76 43 89 25 60 
500 34 76 36 367 44 68 26 39 
100 35 367 28 315 45 269 27 185 
0 38 414 45 1030 28 1118 
0 37 414 39 1 47 1364 29 949 
0 38 1 40 34 48 32 30 66 
0 39 34 41 1 49 53 31 19 
0 40 1 42 220 50 46 32 266 
0 41 220 43 55 51 259 
0 42 55 44 30 52 53 34 89 
200 43 30 45 143 53 66 35 68 
800 44 143 37 1030 54 769 36 269 
0 47 151 54 149 
400 46 151 48 1 56 1270 38 1364 
0 47 1 49 1 57 32 39 32 
0 48 1 50 1 58 53 40 53 
0 49 1 51 1 59 46 41 46 
0 50 1 52 23 60 255 42 259 
0 51 23 53 30 61 60 43 53 
200 52 30 54 143 62 56 44 66 
600 53 143 46 149 63 364 45 769 
0 56 451 63 455 
500 55 451 57 536 65 91 47 1270 
300 56 536 58 329 66 1 48 32 
500 57 329 59 158 67 1 49 53 
0 58 158 60 81 68 30 50 46 
0 59 81 61 92 69 131 51 255 
0 60 92 62 111 70 79 52 60 
500 61 111 63 354 71 1 53 56 
400 62 354 55 455 72 168 54 364 
0 65 12 72 12 
100 64 12 66 1 56 91 
0 65 1 67 1 57 1 
0 66 1 68 1 58 1 
0 67 1 69 30 59 30 
0 68 30 70 161 60 131 
400 69 161 71 162 61 79 
0 70 162 72 162 62 1 
0 71 162 64 12 63 168 
