72 127 011
400 2 266 9 58 10 183 
0 1 266 3 769 11 938 
800 2 769 4 298 12 174 
200 3 298 5 185 13 11 
300 4 185 6 43 14 205 
0 5 43 7 43 
0 6 43 8 6 16 44 
0 7 6 9 6 17 1 
100 8 6 1 58 18 38 
300 11 185 18 175 19 405 1 183 
200 10 185 12 494 20 1451 2 938 
700 11 494 13 45 21 194 3 174 
0 12 45 14 45 22 11 4 11 
0 13 45 15 1 23 212 5 205 
0 14 1 16 1 
0 15 1 17 8 25 36 7 44 
0 16 8 18 8 26 1 8 1 
300 17 8 10 175 27 153 9 38 
0 20 294 27 253 28 625 10 405 
300 19 294 21 613 29 1577 11 1451 
700 20 613 22 304 30 99 12 194 
400 21 304 23 143 31 43 13 11 
0 22 143 24 33 32 305 14 212 
0 23 33 25 33 
0 24 33 26 62 34 28 16 36 
300 25 62 27 204 35 46 17 1 
200 26 204 19 253 36 252 18 153 
0 29 308 36 505 19 625 
300 28 308 30 89 38 1880 20 1577 
0 29 89 31 129 39 58 21 99 
200 30 129 32 48 40 48 22 43 
0 31 48 33 27 41 305 23 305 
0 32 27 34 27 
0 33 27 35 86 43 60 25 28 
500 34 86 36 345 44 87 26 46 
100 35 345 28 505 45 531 27 252 
0 38 653 45 642 
0 37 653 39 1 47 1635 29 1880 
0 38 1 40 39 48 19 30 58 
0 39 39 41 1 49 87 31 48 
0 40 1 42 254 50 51 32 305 
0 41 254 43 95 51 268 
0 42 95 44 86 52 51 34 60 
500 43 86 45 345 53 82 35 87 
800 44 345 37 642 54 502 36 531 
0 47 329 54 332 
400 46 329 48 1 56 1309 38 1635 
0 47 1 49 1 57 19 39 19 
0 48 1 50 1 58 87 40 87 
0 49 1 51 1 59 51 41 51 
0 50 1 52 44 60 246 42 268 
0 51 44 53 51 61 58 43 51 
200 52 51 54 144 62 68 44 82 
500 53 144 46 332 63 376 45 502 
0 56 454 63 457 
500 55 454 57 584 65 85 47 1309 
300 56 584 58 400 66 1 48 19 
600 57 400 59 178 67 1 49 87 
0 58 178 60 94 68 33 50 51 
0 59 94 61 87 69 121 51 246 
0 60 87 62 105 70 76 52 58 
500 61 105 63 347 71 1 53 68 
400 62 347 55 457 72 185 54 376 
0 65 18 72 18 
100 64 18 66 1 56 85 
0 65 1 67 1 57 1 
0 66 1 68 1 58 1 
0 67 1 69 33 59 33 
0 68 33 70 154 60 121 
400 69 154 71 173 61 76 
0 70 173 72 173 62 1 
0 71 173 64 18 63 185 
