72 128 011
400 2 159 9 58 10 290 
0 1 159 3 735 11 797 
800 2 735 4 263 12 174 
200 3 263 5 169 13 11 
300 4 169 6 29 14 251 
0 5 29 7 29 
0 6 29 8 3 16 27 
0 7 3 9 3 17 1 
100 8 3 1 58 18 41 
300 11 514 18 175 19 996 1 290 
200 10 514 12 455 20 789 2 797 
700 11 455 13 84 21 194 3 174 
0 12 84 14 84 22 11 4 11 
0 13 84 15 1 23 297 5 251 
0 14 1 16 1 
0 15 1 17 8 25 19 7 27 
0 16 8 18 8 26 1 8 1 
300 17 8 10 175 27 156 9 41 
0 20 184 27 253 28 951 10 996 
300 19 184 21 613 29 1179 11 789 
700 20 613 22 304 30 99 12 194 
400 21 304 23 175 31 11 13 11 
0 22 175 24 16 32 407 14 297 
0 23 16 25 16 
0 24 16 26 62 34 27 16 19 
300 25 62 27 204 35 46 17 1 
200 26 204 19 253 36 256 18 156 
0 29 396 36 705 19 951 
300 28 396 30 117 38 1542 20 1179 
0 29 117 31 197 39 19 21 99 
200 30 197 32 76 40 55 22 11 
0 31 76 33 353 41 109 23 407 
0 32 353 34 132 42 404 
0 33 132 35 105 43 1 25 27 
500 34 105 36 337 44 87 26 46 
100 35 337 28 705 45 753 27 256 
0 38 390 45 382 
0 37 390 39 1 47 1534 29 1542 
0 38 1 40 1 48 19 30 19 
0 39 1 41 1 49 55 31 55 
0 40 1 42 1 50 109 32 109 
0 41 1 43 98 51 361 33 404 
0 42 98 44 116 52 18 34 1 
500 43 116 45 358 53 82 35 87 
800 44 358 37 382 54 517 36 753 
0 47 571 54 577 
400 46 571 48 1 56 806 38 1534 
0 47 1 49 1 57 19 39 19 
0 48 1 50 1 58 55 40 55 
0 49 1 51 101 59 209 41 109 
0 50 101 52 44 60 238 42 361 
0 51 44 53 51 61 25 43 18 
200 52 51 54 144 62 68 44 82 
500 53 144 46 577 63 792 45 517 
0 56 183 63 183 
500 55 183 57 526 65 71 47 806 
300 56 526 58 369 66 1 48 19 
600 57 369 59 269 67 1 49 55 
0 58 269 60 28 68 35 50 209 
0 59 28 61 87 69 178 51 238 
0 60 87 62 105 70 43 52 25 
500 61 105 63 347 71 1 53 68 
400 62 347 55 183 72 172 54 792 
0 65 30 72 29 
100 64 30 66 3 56 71 
0 65 3 67 3 57 1 
0 66 3 68 3 58 1 
0 67 3 69 33 59 35 
0 68 33 70 211 60 178 
400 69 211 71 148 61 43 
0 70 148 72 148 62 1 
0 71 148 64 29 63 172 
