72 126 011
400 2 97 9 60 10 354 
300 1 97 3 631 11 876 
800 2 631 4 220 12 164 
200 3 220 5 151 13 9 
0 4 151 6 1 14 151 
0 5 1 7 1 
0 6 1 8 2 16 2 
0 7 2 9 2 17 1 
100 8 2 1 60 18 41 
300 11 289 18 419 19 862 1 354 
200 10 289 12 472 20 1079 2 876 
700 11 472 13 76 21 177 3 164 
0 12 76 14 76 22 9 4 9 
0 13 76 15 1 23 227 5 151 
0 14 1 16 1 
0 15 1 17 1 25 2 7 2 
0 16 1 18 1 26 1 8 1 
700 17 1 10 419 27 302 9 41 
0 20 646 27 493 10 862 
300 19 646 21 560 29 1888 11 1079 
700 20 560 22 275 30 91 12 177 
300 21 275 23 171 31 9 13 9 
0 22 171 24 18 32 390 14 227 
0 23 18 25 18 
0 24 18 26 50 34 33 16 2 
300 25 50 27 216 35 34 17 1 
200 26 216 19 493 36 606 18 302 
0 29 41 36 43 
0 28 41 30 92 38 1867 20 1888 
0 29 92 31 132 39 51 21 91 
200 30 132 32 38 40 24 22 9 
0 31 38 33 236 41 182 23 390 
0 32 236 34 32 42 268 
0 33 32 35 5 43 7 25 33 
0 34 5 36 5 44 34 26 34 
100 35 5 28 43 45 624 27 606 
0 38 335 45 337 
0 37 335 39 1 47 1601 29 1867 
0 38 1 40 1 48 51 30 51 
0 39 1 41 1 49 24 31 24 
0 40 1 42 1 50 182 32 182 
0 41 1 43 58 51 264 33 268 
0 42 58 44 84 52 34 34 7 
500 43 84 45 366 53 57 35 34 
500 44 366 37 337 54 763 36 624 
0 47 742 54 749 
400 46 742 48 1 56 769 38 1601 
0 47 1 49 1 57 51 39 51 
0 48 1 50 1 58 24 40 24 
0 49 1 51 76 59 255 41 182 
0 50 76 52 100 60 161 42 264 
200 51 100 53 122 61 42 43 34 
200 52 122 54 231 62 53 44 57 
500 53 231 46 749 63 1245 45 763 
0 56 299 63 298 
400 55 299 57 493 65 294 47 769 
300 56 493 58 321 66 45 48 51 
600 57 321 59 322 67 58 49 24 
0 58 322 60 65 50 255 
0 59 65 61 69 69 156 51 161 
0 60 69 62 101 70 53 52 42 
600 61 101 63 443 71 1 53 53 
400 62 443 55 298 72 600 54 1245 
0 65 171 72 170 
100 64 171 66 370 56 294 
500 65 370 67 85 57 45 
0 66 85 68 27 58 58 
0 67 27 69 27 
0 68 27 70 165 60 156 
400 69 165 71 184 61 53 
0 70 184 72 184 62 1 
300 71 184 64 170 63 600 
