72 128 011
400 2 237 9 60 10 576 
300 1 237 3 631 11 654 
800 2 631 4 220 12 164 
200 3 220 5 151 13 9 
0 4 151 6 1 14 151 
0 5 1 7 1 
0 6 1 8 1 16 1 
0 7 1 9 1 17 1 
100 8 1 1 60 18 42 
300 11 160 18 381 19 836 1 576 
200 10 160 12 472 20 1067 2 654 
700 11 472 13 76 21 177 3 164 
0 12 76 14 76 22 9 4 9 
0 13 76 15 1 23 227 5 151 
0 14 1 16 1 
0 15 1 17 38 25 38 7 1 
0 16 38 18 38 26 1 8 1 
700 17 38 10 381 27 303 9 42 
0 20 563 27 459 10 836 
300 19 563 21 512 29 1744 11 1067 
700 20 512 22 342 30 51 12 177 
300 21 342 23 220 31 49 13 9 
0 22 220 24 265 32 182 14 227 
0 23 265 25 115 33 353 
0 24 115 26 82 34 5 16 38 
300 25 82 27 206 35 34 17 1 
200 26 206 19 459 36 632 18 303 
0 29 24 36 25 
0 28 24 30 92 38 1729 20 1744 
0 29 92 31 92 39 51 21 51 
200 30 92 32 38 40 24 22 49 
0 31 38 33 21 41 199 23 182 
0 32 21 34 5 42 369 24 353 
0 33 5 35 5 43 5 25 5 
0 34 5 36 5 44 34 26 34 
100 35 5 28 25 45 645 27 632 
0 38 775 45 782 
0 37 775 39 1 47 947 29 1729 
0 38 1 40 1 48 51 30 51 
0 39 1 41 1 49 24 31 24 
0 40 1 42 119 50 316 32 199 
0 41 119 43 58 51 248 33 369 
0 42 58 44 84 52 32 34 5 
500 43 84 45 366 53 57 35 34 
500 44 366 37 782 54 1300 36 645 
0 47 103 54 103 
400 46 103 48 1 56 832 38 947 
0 47 1 49 1 57 51 39 51 
0 48 1 50 1 58 24 40 24 
0 49 1 51 27 59 342 41 316 
0 50 27 52 100 60 192 42 248 
200 51 100 53 124 61 42 43 32 
200 52 124 54 233 62 53 44 57 
500 53 233 46 103 63 1063 45 1300 
0 56 455 63 420 64 366 
400 55 455 57 431 65 262 47 832 
300 56 431 58 275 66 45 48 51 
600 57 275 59 391 67 76 49 24 
0 58 391 60 82 50 342 
0 59 82 61 118 69 156 51 192 
0 60 118 62 128 70 32 52 42 
600 61 128 63 416 71 22 53 53 
400 62 416 55 420 72 247 54 1063 
0 65 184 72 221 55 366 
100 64 184 66 362 56 262 
500 65 362 67 103 57 45 
0 66 103 68 27 58 76 
0 67 27 69 27 
0 68 27 70 165 60 156 
400 69 165 71 205 61 32 
0 70 205 72 184 62 22 
300 71 184 64 221 63 247 
