72 126 011
400 2 104 9 1 10 428 
300 1 104 3 475 11 635 
600 2 475 4 199 12 132 
200 3 199 5 158 13 12 
0 4 158 6 1 14 158 
0 5 1 7 1 
0 6 1 8 1 16 1 
0 7 1 9 1 17 1 
0 8 1 1 1 18 1 
0 11 431 18 516 1 428 
200 10 431 12 523 20 1475 2 635 
700 11 523 13 213 21 177 3 132 
200 12 213 14 172 22 17 4 12 
0 13 172 15 1 23 330 5 158 
0 14 1 16 1 
0 15 1 17 1 25 1 7 1 
0 16 1 18 1 26 1 8 1 
700 17 1 10 516 27 516 9 1 
0 20 149 27 152 
400 19 149 21 533 29 1728 11 1475 
700 20 533 22 306 30 67 12 177 
300 21 306 23 139 31 118 13 17 
0 22 139 24 355 32 114 14 330 
0 23 355 25 72 33 390 
0 24 72 26 82 34 10 16 1 
300 25 82 27 194 35 45 17 1 
200 26 194 19 152 36 638 18 516 
0 29 31 36 32 
0 28 31 30 81 38 1701 20 1728 
0 29 81 31 81 39 67 21 67 
200 30 81 32 52 40 95 22 118 
0 31 52 33 17 41 149 23 114 
0 32 17 34 1 42 397 24 390 
0 33 1 35 1 43 10 25 10 
0 34 1 36 1 44 45 26 45 
100 35 1 28 32 45 680 27 638 
0 38 1043 45 1044 
0 37 1043 39 1 47 658 29 1701 
0 38 1 40 1 48 67 30 67 
0 39 1 41 1 49 95 31 95 
0 40 1 42 1 50 149 32 149 
0 41 1 43 137 51 359 33 397 
200 42 137 44 186 52 74 34 10 
500 43 186 45 405 53 88 35 45 
500 44 405 37 1044 54 1653 36 680 
0 47 92 54 91 
300 46 92 48 1 56 593 38 658 
0 47 1 49 1 57 67 39 67 
0 48 1 50 115 58 209 40 95 
0 49 115 51 35 41 149 
0 50 35 52 163 60 351 42 359 
200 51 163 53 192 61 66 43 74 
700 52 192 54 543 62 114 44 88 
500 53 543 46 91 63 1325 45 1653 
0 56 423 63 564 64 396 
400 55 423 57 413 65 185 47 593 
300 56 413 58 300 66 43 48 67 
600 57 300 59 203 67 69 49 209 
0 58 203 60 203 
0 59 203 61 76 69 227 51 351 
0 60 76 62 96 70 46 52 66 
600 61 96 63 393 71 68 53 114 
300 62 393 55 564 72 414 54 1325 
100 65 255 72 104 55 396 
100 64 255 66 355 56 185 
500 65 355 67 112 57 43 
0 66 112 68 43 58 69 
0 67 43 69 43 
0 68 43 70 236 60 227 
600 69 236 71 316 61 46 
0 70 316 72 248 62 68 
300 71 248 64 104 63 414 
