72 128 011
400 2 104 9 1 10 428 
300 1 104 3 475 11 635 
600 2 475 4 199 12 132 
200 3 199 5 158 13 12 
0 4 158 6 1 14 158 
0 5 1 7 1 
0 6 1 8 1 16 1 
0 7 1 9 1 17 1 
0 8 1 1 1 18 1 
0 11 352 18 438 1 428 
200 10 352 12 450 20 1306 2 635 
700 11 450 13 300 21 139 3 132 
200 12 300 14 232 22 85 4 12 
0 13 232 15 275 23 114 5 158 
0 14 275 16 36 24 312 
0 15 36 17 36 25 1 7 1 
0 16 36 18 36 26 1 8 1 
700 17 36 10 438 27 559 9 1 
0 20 136 27 140 
400 19 136 21 533 29 1546 11 1306 
700 20 533 22 262 30 97 12 139 
300 21 262 23 139 31 118 13 85 
0 22 139 24 37 32 216 14 114 
0 23 37 25 54 33 367 15 312 
0 24 54 26 64 34 10 16 1 
300 25 64 27 192 35 45 17 1 
200 26 192 19 140 36 711 18 559 
0 29 627 36 627 
0 28 627 30 81 38 925 20 1546 
0 29 81 31 81 39 97 21 97 
200 30 81 32 52 40 95 22 118 
0 31 52 33 57 41 314 23 216 
0 32 57 34 1 42 310 24 367 
0 33 1 35 1 43 10 25 10 
0 34 1 36 1 44 45 26 45 
100 35 1 28 627 45 1347 27 711 
0 38 1 45 1 
0 37 1 39 1 47 925 29 925 
0 38 1 40 1 48 97 30 97 
0 39 1 41 1 49 95 31 95 
0 40 1 42 12 50 303 32 314 
0 41 12 43 137 51 283 33 310 
200 42 137 44 160 52 49 34 10 
500 43 160 45 405 53 114 35 45 
500 44 405 37 1 54 1277 36 1347 
0 47 553 54 582 55 980 
300 46 553 48 81 56 341 38 925 
0 47 81 49 81 57 97 39 97 
0 48 81 50 167 58 342 40 95 
0 49 167 51 137 41 303 
0 50 137 52 222 60 318 42 283 
200 51 222 53 255 61 20 43 49 
700 52 255 54 500 62 159 44 114 
500 53 500 46 582 63 467 45 1277 
0 56 423 63 392 64 539 46 980 
400 55 423 57 314 65 155 47 341 
300 56 314 58 185 66 73 48 97 
600 57 185 59 170 67 69 49 342 
0 58 170 60 170 
0 59 170 61 76 69 227 51 318 
0 60 76 62 76 70 20 52 20 
600 61 76 63 393 71 93 53 159 
300 62 393 55 392 72 272 54 467 
100 65 255 72 247 55 539 
100 64 255 66 325 56 155 
500 65 325 67 112 57 73 
0 66 112 68 43 58 69 
0 67 43 69 43 
0 68 43 70 236 60 227 
600 69 236 71 341 61 20 
0 70 341 72 248 62 93 
300 71 248 64 247 63 272 
