72 128 011
0 2 1 9 1 10 1 
300 1 1 3 86 11 214 
0 2 86 4 86 
500 3 86 5 578 13 1027 
700 4 578 6 184 14 95 
200 5 184 7 138 15 58 
0 6 138 8 43 16 95 
0 7 43 9 1 17 43 
0 8 1 1 1 18 1 
0 11 1 18 1 1 1 19 1 
500 10 1 12 450 2 214 20 947 
0 11 450 13 450 
500 12 450 14 283 4 1027 22 1130 
400 13 283 15 56 5 95 23 111 
0 14 56 16 40 6 58 24 62 
0 15 40 17 1 7 95 25 135 
0 16 1 18 1 8 43 26 43 
0 17 1 10 1 9 1 27 1 
300 20 456 27 268 10 1 28 49 
100 19 456 21 215 11 947 29 1161 
0 20 215 22 215 
400 21 215 23 468 13 1130 31 1387 
500 22 468 24 185 14 111 32 94 
300 23 185 25 148 15 62 33 65 
0 24 148 26 57 16 135 34 226 
0 25 57 27 129 17 43 35 29 
500 26 129 19 268 18 1 36 141 
600 29 403 36 131 19 49 37 245 
700 28 403 30 597 20 1161 38 595 
0 29 597 31 1174 39 1722 
100 30 1174 32 1 22 1387 40 254 
0 31 1 33 1 23 94 41 94 
0 32 1 34 1 24 65 42 65 
0 33 1 35 226 25 226 
0 34 226 36 25 26 29 44 231 
0 35 25 28 131 27 141 45 37 
700 38 606 45 235 28 245 46 281 
200 37 606 39 432 29 595 47 569 
0 38 432 40 58 48 1585 30 1722 
100 39 58 41 1 31 254 49 239 
0 40 1 42 1 32 94 50 94 
0 41 1 43 1 33 65 51 65 
0 42 1 44 1 
0 43 1 45 99 35 231 53 167 
300 44 99 37 235 36 37 54 27 
700 47 469 54 30 37 281 55 200 
300 46 469 48 739 38 569 56 928 
300 47 739 49 291 39 1585 57 671 
500 48 291 50 12 40 239 58 152 
0 49 12 51 12 41 94 59 94 
0 50 12 52 47 42 65 60 99 
0 51 47 53 47 
0 52 47 54 29 44 167 62 92 
0 53 29 46 30 45 27 63 27 
500 56 537 63 304 46 200 64 22 
300 55 537 57 130 47 928 65 272 
100 56 130 58 338 48 671 66 394 
0 57 338 59 495 49 152 67 65 
700 58 495 60 101 50 94 68 1 
0 59 101 61 24 51 99 69 25 
0 60 24 62 24 
0 61 24 63 114 53 92 71 2 
400 62 114 55 304 54 27 72 1 
100 65 77 72 2 55 22 
0 64 77 66 204 56 272 
100 65 204 67 505 57 394 
600 66 505 68 25 58 65 
0 67 25 69 25 59 1 
0 68 25 70 1 60 25 
0 69 1 71 1 
0 70 1 72 2 62 2 
0 71 2 64 2 63 1 
