72 126 011
0 2 1 9 1 
300 1 1 3 495 11 758 
600 2 495 4 189 12 104 
200 3 189 5 160 13 18 
0 4 160 6 1 14 160 
0 5 1 7 1 
0 6 1 8 1 16 1 
0 7 1 9 1 17 1 
0 8 1 1 1 18 1 
0 11 235 18 231 
500 10 235 12 516 20 1502 2 758 
700 11 516 13 237 21 115 3 104 
200 12 237 14 146 22 92 4 18 
0 13 146 15 279 23 27 5 160 
0 14 279 16 1 24 279 
0 15 1 17 1 25 1 7 1 
0 16 1 18 1 26 1 8 1 
700 17 1 10 231 27 465 9 1 
0 20 239 27 240 
400 19 239 21 496 29 1654 11 1502 
600 20 496 22 244 30 89 12 115 
300 21 244 23 164 31 64 13 92 
0 22 164 24 38 32 153 14 27 
0 23 38 25 38 33 319 15 279 
0 24 38 26 58 34 20 16 1 
300 25 58 27 195 35 48 17 1 
500 26 195 19 240 36 800 18 465 
0 29 1117 36 1120 
0 28 1117 30 1 38 534 20 1654 
0 29 1 31 1 39 89 21 89 
0 30 1 32 1 40 64 22 64 
0 31 1 33 1 41 153 23 153 
0 32 1 34 122 42 264 24 319 
400 33 122 35 168 43 111 25 20 
0 34 168 36 168 44 48 26 48 
100 35 168 28 1120 45 1931 27 800 
0 38 39 45 38 
100 37 39 39 1 47 522 29 534 
0 38 1 40 1 48 89 30 89 
0 39 1 41 27 49 91 31 64 
0 40 27 42 126 32 153 
0 41 126 43 106 51 338 33 264 
200 42 106 44 167 52 126 34 111 
600 43 167 45 478 53 135 35 48 
500 44 478 37 38 54 1810 36 1931 
0 47 308 54 680 55 775 
300 46 308 48 27 56 290 38 522 
0 47 27 49 27 57 89 39 89 
0 48 27 50 1 58 117 40 91 
0 49 1 51 1 
0 50 1 52 113 60 282 42 338 
200 51 113 53 228 61 40 43 126 
700 52 228 54 547 62 207 44 135 
200 53 547 46 680 63 893 45 1810 
300 56 412 63 148 64 401 46 775 
400 55 412 57 258 65 110 47 290 
300 56 258 58 115 66 68 48 89 
200 57 115 59 96 67 37 49 117 
0 58 96 60 96 
0 59 96 61 45 69 213 51 282 
0 60 45 62 45 70 40 52 40 
600 61 45 63 395 71 121 53 207 
300 62 395 55 148 72 457 54 893 
100 65 225 72 132 55 401 
0 64 225 66 334 56 110 
500 65 334 67 97 57 68 
0 66 97 68 59 58 37 
0 67 59 69 59 
0 68 59 70 205 60 213 
600 69 205 71 366 61 40 
100 70 366 72 322 62 121 
300 71 322 64 132 63 457 
