72 128 011
0 2 1 9 1 
300 1 1 3 445 11 698 
600 2 445 4 229 12 82 
200 3 229 5 204 13 55 
0 4 204 6 177 14 27 
0 5 177 7 1 15 177 
0 6 1 8 1 16 1 
0 7 1 9 1 17 1 
0 8 1 1 1 18 1 
0 11 229 18 225 
500 10 229 12 516 20 1436 2 698 
700 11 516 13 223 21 131 3 82 
200 12 223 14 146 22 92 4 55 
0 13 146 15 36 23 137 5 27 
0 14 36 16 1 24 213 6 177 
0 15 1 17 1 25 1 7 1 
0 16 1 18 1 26 1 8 1 
700 17 1 10 225 27 471 9 1 
0 20 606 27 608 
400 19 606 21 496 29 1221 11 1436 
600 20 496 22 244 30 105 12 131 
300 21 244 23 164 31 64 13 92 
0 22 164 24 8 32 294 14 137 
0 23 8 25 22 33 208 15 213 
0 24 22 26 42 34 20 16 1 
300 25 42 27 210 35 48 17 1 
500 26 210 19 608 36 1190 18 471 
0 29 1 36 1 
0 28 1 30 1 38 1221 20 1221 
0 29 1 31 1 39 105 21 105 
0 30 1 32 1 40 64 22 64 
0 31 1 33 31 41 263 23 294 
0 32 31 34 122 42 184 24 208 
400 33 122 35 168 43 111 25 20 
0 34 168 36 168 44 48 26 48 
100 35 168 28 1 45 1200 27 1190 
0 38 888 45 542 46 1386 
100 37 888 39 22 47 344 29 1221 
0 38 22 40 22 48 105 30 105 
0 39 22 41 27 49 112 31 64 
0 40 27 42 236 32 263 
0 41 236 43 150 51 323 33 184 
200 42 150 44 262 52 45 34 111 
600 43 262 45 450 53 216 35 48 
500 44 450 37 542 54 579 36 1200 
0 47 170 54 443 55 1221 37 1386 
300 46 170 48 5 56 275 38 344 
0 47 5 49 5 57 105 39 105 
0 48 5 50 1 58 117 40 112 
0 49 1 51 1 
0 50 1 52 113 60 267 42 323 
200 51 113 53 168 61 40 43 45 
700 52 168 54 547 62 207 44 216 
200 53 547 46 443 63 462 45 579 
300 56 412 63 655 64 249 46 1221 
400 55 412 57 242 65 110 47 275 
300 56 242 58 115 66 68 48 105 
200 57 115 59 103 67 97 49 117 
0 58 103 60 103 
0 59 103 61 45 69 138 51 267 
0 60 45 62 45 70 40 52 40 
600 61 45 63 395 71 121 53 207 
300 62 395 55 655 72 625 54 462 
100 65 225 72 71 55 249 
0 64 225 66 334 56 110 
500 65 334 67 97 57 68 
0 66 97 68 52 58 97 
0 67 52 69 52 
0 68 52 70 190 60 138 
600 69 190 71 382 61 40 
100 70 382 72 337 62 121 
300 71 337 64 71 63 625 
