72 127 011
0 2 1 9 1 
700 1 1 3 521 11 1089 
600 2 521 4 222 12 78 
200 3 222 5 162 13 53 
0 4 162 6 162 14 1 
0 5 162 7 1 15 162 
0 6 1 8 1 16 1 
0 7 1 9 1 17 1 
0 8 1 1 1 18 1 
0 11 147 18 147 
500 10 147 12 243 20 1529 2 1089 
200 11 243 13 142 21 90 3 78 
200 12 142 14 104 22 64 4 53 
0 13 104 15 5 23 99 5 1 
0 14 5 16 1 24 167 6 162 
0 15 1 17 1 25 1 7 1 
0 16 1 18 1 26 1 8 1 
500 17 1 10 147 27 353 9 1 
0 20 847 27 851 
400 19 847 21 418 29 1062 11 1529 
600 20 418 22 120 30 85 12 90 
0 21 120 23 89 31 54 13 64 
0 22 89 24 1 32 187 14 99 
0 23 1 25 23 33 170 15 167 
0 24 23 26 38 34 15 16 1 
300 25 38 27 211 35 51 17 1 
500 26 211 19 851 36 1374 18 353 
0 29 129 36 129 
500 28 129 30 13 38 1126 20 1062 
0 29 13 31 13 39 85 21 85 
0 30 13 32 13 40 54 22 54 
0 31 13 33 200 23 187 
0 32 200 34 103 42 349 24 170 
400 33 103 35 191 43 101 25 15 
0 34 191 36 191 44 51 26 51 
100 35 191 28 129 45 1375 27 1374 
0 38 779 45 523 46 1261 
100 37 779 39 38 47 340 29 1126 
0 38 38 40 38 48 85 30 85 
0 39 38 41 1 49 93 31 54 
0 40 1 42 1 
0 41 1 43 97 51 344 33 349 
200 42 97 44 242 52 31 34 101 
600 43 242 45 489 53 218 35 51 
400 44 489 37 523 54 699 36 1375 
300 47 163 54 164 55 1176 37 1261 
300 46 163 48 13 56 262 38 340 
0 47 13 49 13 57 85 39 85 
0 48 13 50 1 58 105 40 93 
0 49 1 51 1 
0 50 1 52 53 60 351 42 344 
0 51 53 53 53 61 31 43 31 
700 52 53 54 467 62 214 44 218 
200 53 467 46 164 63 408 45 699 
300 56 340 63 690 64 177 46 1176 
300 55 340 57 263 65 96 47 262 
300 56 263 58 112 66 59 48 85 
200 57 112 59 85 67 96 49 105 
0 58 85 60 85 
0 59 85 61 53 69 273 51 351 
0 60 53 62 53 70 31 52 31 
700 61 53 63 467 71 124 53 214 
300 62 467 55 690 72 511 54 408 
100 65 176 72 93 55 177 
0 64 176 66 272 56 96 
400 65 272 67 72 57 59 
0 66 72 68 86 58 96 
0 67 86 69 86 
300 68 86 70 233 60 273 
600 69 233 71 491 61 31 
100 70 491 72 443 62 124 
0 71 443 64 93 63 511 
