72 128 011
100 2 29 9 1 10 71 
0 1 29 3 29 
500 2 29 4 613 12 1039 
700 3 613 5 224 13 97 
300 4 224 6 175 14 72 
0 5 175 7 50 15 125 
0 6 50 8 1 16 50 
0 7 1 9 1 17 1 
0 8 1 1 1 18 1 
500 11 469 18 1 1 71 19 827 
0 10 469 12 469 
500 11 469 13 281 21 1141 3 1039 
400 12 281 14 57 4 97 22 113 
0 13 57 15 40 5 72 23 69 
0 14 40 16 1 6 125 24 165 
0 15 1 17 1 25 50 7 50 
0 16 1 18 1 8 1 26 1 
0 17 1 10 1 9 1 27 1 
100 20 208 27 453 10 827 28 1058 
0 19 208 21 208 
400 20 208 22 425 30 1414 12 1141 
500 21 425 23 146 13 113 31 95 
200 22 146 24 117 14 69 32 62 
0 23 117 25 51 15 165 33 231 
0 24 51 26 132 34 30 16 50 
500 25 132 27 266 17 1 35 143 
300 26 266 19 453 18 1 36 50 
700 29 565 36 396 19 1058 37 546 
0 28 565 30 1192 38 1710 
100 29 1192 31 1 39 263 21 1414 
0 30 1 32 1 22 95 40 95 
0 31 1 33 1 23 62 41 62 
0 32 1 34 231 24 231 
0 33 231 35 25 43 236 25 30 
0 34 25 36 131 26 143 44 37 
600 35 131 28 396 27 50 45 249 
200 38 440 45 593 28 546 46 540 
0 37 440 39 58 47 1572 29 1710 
100 38 58 40 1 48 247 30 263 
0 39 1 41 1 31 95 49 95 
0 40 1 42 1 32 62 50 62 
0 41 1 43 1 
0 42 1 44 101 52 171 34 236 
300 43 101 45 229 35 37 53 27 
700 44 229 37 593 36 249 54 285 
300 47 751 54 456 37 540 55 921 
300 46 751 48 288 56 657 38 1572 
500 47 288 49 8 39 247 57 154 
0 48 8 50 8 40 95 58 95 
0 49 8 51 48 41 62 59 101 
0 50 48 52 48 
0 51 48 53 29 61 94 43 171 
0 52 29 54 29 44 27 62 27 
700 53 29 46 456 45 285 63 203 
300 56 132 63 531 46 921 64 275 
100 55 132 57 332 65 389 47 657 
0 56 332 58 492 48 154 66 67 
700 57 492 59 103 49 95 67 1 
0 58 103 60 24 50 101 68 25 
0 59 24 61 24 
0 60 24 62 116 70 2 52 94 
400 61 116 63 300 53 27 71 1 
500 62 300 55 531 54 203 72 22 
0 65 207 72 79 55 275 
100 64 207 66 503 56 389 
600 65 503 67 26 57 67 
0 66 26 68 26 58 1 
0 67 26 69 1 59 25 
0 68 1 70 1 
0 69 1 71 2 61 2 
0 70 2 72 2 62 1 
100 71 2 64 79 63 22 
