72 128 011
0 2 1 9 1 
700 1 1 3 521 11 1089 
600 2 521 4 222 12 78 
200 3 222 5 162 13 53 
0 4 162 6 5 14 157 
0 5 5 7 1 15 5 
0 6 1 8 1 16 1 
0 7 1 9 1 17 1 
0 8 1 1 1 18 1 
0 11 319 18 322 
500 10 319 12 238 20 1262 2 1089 
200 11 238 13 137 21 90 3 78 
200 12 137 14 104 22 69 4 53 
0 13 104 15 1 23 261 5 157 
0 14 1 16 1 24 5 6 5 
0 15 1 17 1 25 1 7 1 
0 16 1 18 1 26 1 8 1 
500 17 1 10 322 27 615 9 1 
0 20 134 27 135 
400 19 134 21 439 29 1640 11 1262 
600 20 439 22 78 30 85 12 90 
0 21 78 23 47 31 60 13 69 
0 22 47 24 5 32 303 14 261 
0 23 5 25 23 33 13 15 5 
0 24 23 26 38 34 15 16 1 
300 25 38 27 229 35 33 17 1 
500 26 229 19 135 36 850 18 615 
0 29 1518 36 406 37 1780 
500 28 1518 30 36 38 285 20 1640 
0 29 36 31 36 39 85 21 85 
0 30 36 32 1 40 96 22 60 
0 31 1 33 303 23 303 
0 32 303 34 89 42 281 24 13 
400 33 89 35 274 43 32 25 15 
0 34 274 36 205 44 101 26 33 
100 35 205 28 406 45 480 27 850 
0 38 57 45 517 46 1598 28 1780 
100 37 57 39 2 47 262 29 285 
0 38 2 40 2 48 85 30 85 
0 39 2 41 1 49 98 31 96 
0 40 1 42 1 
0 41 1 43 97 51 276 33 281 
200 42 97 44 173 52 31 34 32 
600 43 173 45 489 53 200 35 101 
400 44 489 37 517 54 521 36 480 
300 47 163 54 950 55 581 37 1598 
300 46 163 48 13 56 184 38 262 
0 47 13 49 13 57 85 39 85 
0 48 13 50 59 58 170 40 98 
0 49 59 51 59 
0 50 59 52 53 60 223 42 276 
0 51 53 53 53 61 31 43 31 
700 52 53 54 467 62 196 44 200 
200 53 467 46 950 63 1162 45 521 
300 56 340 63 199 64 219 46 581 
300 55 340 57 268 65 24 47 184 
300 56 268 58 117 66 59 48 85 
200 57 117 59 12 67 82 49 170 
0 58 12 60 12 
0 59 12 61 53 69 218 51 223 
0 60 53 62 53 70 31 52 31 
700 61 53 63 485 71 124 53 196 
300 62 485 55 199 72 611 54 1162 
100 65 262 72 137 55 219 
0 64 262 66 286 56 24 
400 65 286 67 58 57 59 
0 66 58 68 86 58 82 
0 67 86 69 86 
300 68 86 70 224 60 218 
600 69 224 71 545 61 31 
100 70 545 72 497 62 124 
0 71 497 64 137 63 611 
