72 126 011
0 2 55 9 56 
700 1 55 3 477 11 1029 
500 2 477 4 173 12 80 
200 3 173 5 117 13 49 
0 4 117 6 1 14 117 
0 5 1 7 1 15 1 
0 6 1 8 1 16 1 
0 7 1 9 1 17 1 
300 8 1 1 56 18 245 
0 11 496 18 500 
500 10 496 12 158 20 952 2 1029 
200 11 158 13 36 21 99 3 80 
0 12 36 14 29 22 49 4 49 
0 13 29 15 1 23 146 5 117 
0 14 1 16 1 24 1 6 1 
0 15 1 17 1 25 1 7 1 
0 16 1 18 1 26 1 8 1 
500 17 1 10 500 27 1030 9 245 
0 20 220 27 226 
700 19 220 21 453 29 1374 11 952 
600 20 453 22 89 30 116 12 99 
0 21 89 23 68 31 49 13 49 
0 22 68 24 213 14 146 
0 23 213 25 18 33 221 15 1 
0 24 18 26 29 34 11 16 1 
300 25 29 27 232 35 39 17 1 
500 26 232 19 226 36 1186 18 1030 
0 29 1533 36 509 37 1689 
500 28 1533 30 477 38 156 20 1374 
600 29 477 31 114 39 68 21 116 
0 30 114 32 32 40 109 22 49 
0 31 32 33 32 
0 32 32 34 107 42 211 24 221 
400 33 107 35 276 43 7 25 11 
0 34 276 36 202 44 114 26 39 
100 35 202 28 509 45 655 27 1186 
200 38 52 45 301 46 1430 28 1689 
100 37 52 39 4 47 122 29 156 
0 38 4 40 4 48 68 30 68 
0 39 4 41 1 49 114 31 109 
0 40 1 42 1 
0 41 1 43 90 51 205 33 211 
200 42 90 44 178 52 1 34 7 
600 43 178 45 532 53 179 35 114 
400 44 532 37 301 54 485 36 655 
300 47 1 54 706 55 594 37 1430 
0 46 1 48 1 56 122 38 122 
0 47 1 49 1 57 68 39 68 
0 48 1 50 59 58 174 40 114 
0 49 59 51 59 
0 50 59 52 43 60 165 42 205 
0 51 43 53 43 61 1 43 1 
700 52 43 54 509 62 136 44 179 
200 53 509 46 706 63 733 45 485 
300 56 209 63 274 64 448 46 594 
300 55 209 57 70 65 14 47 122 
0 56 70 58 70 66 68 48 68 
200 57 70 59 12 67 69 49 174 
0 58 12 60 12 
0 59 12 61 95 69 225 51 165 
0 60 95 62 95 70 1 52 1 
700 61 95 63 601 71 44 53 136 
0 62 601 55 274 54 733 
100 65 275 72 91 55 448 
0 64 275 66 289 56 14 
400 65 289 67 46 57 68 
0 66 46 68 44 58 69 
0 67 44 69 44 
300 68 44 70 43 60 225 
0 69 43 71 43 61 1 
100 70 43 72 89 62 44 
0 71 89 64 91 
