72 128 011
0 2 197 9 199 
700 1 197 3 473 11 843 
500 2 473 4 191 12 64 
200 3 191 5 119 13 68 
0 4 119 6 1 14 119 
0 5 1 7 1 15 1 
0 6 1 8 1 16 1 
0 7 1 9 1 17 1 
300 8 1 1 199 18 424 
0 11 101 18 101 
500 10 101 12 144 20 1211 2 843 
200 11 144 13 30 21 76 3 64 
0 12 30 14 16 22 75 4 68 
0 13 16 15 1 23 135 5 119 
0 14 1 16 1 24 1 6 1 
0 15 1 17 1 25 1 7 1 
0 16 1 18 1 26 1 8 1 
500 17 1 10 101 27 769 9 424 
0 20 1520 27 595 28 1752 
700 19 1520 21 466 29 292 11 1211 
600 20 466 22 107 30 93 12 76 
0 21 107 23 33 31 127 13 75 
0 22 33 24 168 14 135 
0 23 168 25 13 33 170 15 1 
0 24 13 26 13 34 1 16 1 
300 25 13 27 236 35 51 17 1 
500 26 236 19 595 36 476 18 769 
0 29 554 36 147 37 1879 19 1752 
500 28 554 30 454 38 71 20 292 
600 29 454 31 94 39 44 21 93 
0 30 94 32 33 40 167 22 127 
0 31 33 33 33 
0 32 33 34 109 42 160 24 170 
400 33 109 35 285 43 7 25 1 
0 34 285 36 198 44 116 26 51 
100 35 198 28 147 45 500 27 476 
0 38 52 45 1176 46 715 28 1879 
100 37 52 39 4 47 36 29 71 
0 38 4 40 4 48 44 30 44 
0 39 4 41 21 49 193 31 167 
0 40 21 42 21 
0 41 21 43 92 51 132 33 160 
200 42 92 44 177 52 1 34 7 
600 43 177 45 527 53 182 35 116 
400 44 527 37 1176 54 1284 36 500 
300 47 1 54 75 55 578 37 715 
0 46 1 48 1 56 36 38 36 
0 47 1 49 1 57 44 39 44 
0 48 1 50 12 58 206 40 193 
0 49 12 51 12 
0 50 12 52 44 60 139 42 132 
0 51 44 53 44 61 1 43 1 
700 52 44 54 506 62 139 44 182 
200 53 506 46 75 63 844 45 1284 
300 56 295 63 315 64 385 46 578 
300 55 295 57 85 65 1 47 36 
0 56 85 58 71 66 58 48 44 
200 57 71 59 77 67 41 49 206 
0 58 77 60 34 68 86 
0 59 34 61 27 69 104 51 139 
0 60 27 62 27 70 1 52 1 
700 61 27 63 669 71 193 53 139 
0 62 669 55 315 54 844 
100 65 275 72 31 55 385 
0 64 275 66 275 56 1 
400 65 275 67 74 57 58 
0 66 74 68 32 58 41 
0 67 32 69 75 59 86 
300 68 75 70 128 60 104 
0 69 128 71 128 61 1 
100 70 128 72 31 62 193 
0 71 31 64 31 
