72 126 011
0 2 395 9 398 
700 1 395 3 392 11 585 
500 2 392 4 113 12 37 
0 3 113 5 95 13 19 
0 4 95 6 1 14 95 
0 5 1 7 1 15 1 
0 6 1 8 1 16 1 
0 7 1 9 1 17 1 
300 8 1 1 398 18 631 
0 11 92 18 93 
700 10 92 12 149 20 1124 2 585 
200 11 149 13 36 21 39 3 37 
0 12 36 14 24 22 31 4 19 
0 13 24 15 118 5 95 
0 14 118 16 1 24 118 6 1 
0 15 1 17 1 25 1 7 1 
0 16 1 18 1 26 1 8 1 
500 17 1 10 93 27 949 9 631 
0 20 1236 27 380 28 1484 
700 19 1236 21 40 29 252 11 1124 
0 20 40 22 40 30 39 12 39 
0 21 40 23 1 31 71 13 31 
0 22 1 24 1 
0 23 1 25 8 33 127 15 118 
0 24 8 26 8 34 1 16 1 
300 25 8 27 195 35 96 17 1 
0 26 195 19 380 36 607 18 949 
300 29 595 36 132 37 1744 19 1484 
500 28 595 30 460 38 31 20 252 
600 29 460 31 105 39 23 21 39 
0 30 105 32 40 40 136 22 71 
0 31 40 33 40 
0 32 40 34 93 42 138 24 127 
500 33 93 35 369 43 37 25 1 
0 34 369 36 252 44 185 26 96 
100 35 252 28 132 45 637 27 607 
0 38 1 45 578 46 1166 28 1744 
0 37 1 39 1 47 31 29 31 
0 38 1 40 1 48 23 30 23 
0 39 1 41 26 49 162 31 136 
0 40 26 42 26 
0 41 26 43 59 51 124 33 138 
200 42 59 44 166 52 39 34 37 
800 43 166 45 644 53 300 35 185 
400 44 644 37 578 54 828 36 637 
300 47 1 54 373 55 1402 37 1166 
0 46 1 48 1 56 31 38 31 
0 47 1 49 1 57 23 39 23 
0 48 1 50 1 58 162 40 162 
0 49 1 51 1 
0 50 1 52 1 60 124 42 124 
0 51 1 53 1 61 39 43 39 
700 52 1 54 669 62 480 44 300 
0 53 669 46 373 45 828 
500 56 257 63 612 64 411 46 1402 
300 55 257 57 19 65 1 47 31 
0 56 19 58 8 66 34 48 23 
0 57 8 59 119 67 52 49 162 
0 58 119 60 56 68 107 
0 59 56 61 112 69 102 51 124 
600 60 112 62 447 70 1 52 39 
700 61 447 63 619 71 76 53 480 
0 62 619 55 612 
100 65 286 72 33 55 411 
0 64 286 66 286 56 1 
400 65 286 67 85 57 34 
0 66 85 68 33 58 52 
0 67 33 69 96 59 107 
300 68 96 70 107 60 102 
0 69 107 71 107 61 1 
0 70 107 72 33 62 76 
0 71 33 64 33 
