72 128 011
0 2 89 9 91 
700 1 89 3 400 11 940 
500 2 400 4 65 12 37 
0 3 65 5 33 13 33 
0 4 33 6 1 14 33 
0 5 1 7 1 15 1 
0 6 1 8 1 16 1 
0 7 1 9 1 17 1 
300 8 1 1 91 18 324 
0 11 1219 18 344 19 1436 
700 10 1219 12 204 20 318 2 940 
200 11 204 13 62 21 39 3 37 
0 12 62 14 9 22 85 4 33 
0 13 9 15 42 5 33 
0 14 42 16 1 24 42 6 1 
0 15 1 17 1 25 1 7 1 
0 16 1 18 1 26 1 8 1 
500 17 1 10 344 27 342 9 324 
0 20 458 27 119 28 1756 10 1436 
700 19 458 21 20 29 252 11 318 
0 20 20 22 20 30 39 12 39 
0 21 20 23 1 31 105 13 85 
0 22 1 24 1 
0 23 1 25 8 33 50 15 42 
0 24 8 26 8 34 1 16 1 
300 25 8 27 195 35 96 17 1 
0 26 195 19 119 36 377 18 342 
300 29 577 36 1468 37 662 19 1756 
500 28 577 30 460 38 50 20 252 
600 29 460 31 105 39 23 21 39 
0 30 105 32 28 40 182 22 105 
0 31 28 33 28 
0 32 28 34 93 42 50 24 50 
500 33 93 35 369 43 37 25 1 
0 34 369 36 252 44 185 26 96 
100 35 252 28 1468 45 1743 27 377 
0 38 1 45 1 46 662 28 662 
0 37 1 39 1 47 50 29 50 
0 38 1 40 1 48 23 30 23 
0 39 1 41 11 49 170 31 182 
0 40 11 42 11 
0 41 11 43 34 51 54 33 50 
200 42 34 44 147 52 39 34 37 
800 43 147 45 648 53 323 35 185 
400 44 648 37 1 54 1353 36 1743 
300 47 1 54 418 55 942 37 662 
0 46 1 48 19 56 31 38 50 
0 47 19 49 1 57 41 39 23 
0 48 1 50 144 58 26 40 170 
0 49 144 51 26 59 170 
0 50 26 52 1 60 28 42 54 
0 51 1 53 1 61 39 43 39 
700 52 1 54 1153 62 984 44 323 
0 53 1153 46 418 45 1353 
500 56 257 63 170 64 392 46 942 
300 55 257 57 19 65 1 47 31 
0 56 19 58 8 66 52 48 41 
0 57 8 59 8 67 26 49 26 
0 58 8 60 56 68 167 50 170 
0 59 56 61 73 69 45 51 28 
600 60 73 62 487 70 1 52 39 
700 61 487 63 175 71 99 53 984 
0 62 175 55 170 
100 65 268 72 33 55 392 
0 64 268 66 268 56 1 
400 65 268 67 85 57 52 
0 66 85 68 59 58 26 
0 67 59 69 130 59 167 
300 68 130 70 129 60 45 
0 69 129 71 129 61 1 
0 70 129 72 33 62 99 
0 71 33 64 33 
