72 126 011
0 2 77 9 80 
800 1 77 3 361 11 996 
500 2 361 4 111 12 30 
0 3 111 5 61 13 51 
0 4 61 6 61 
0 5 61 7 1 15 61 
0 6 1 8 1 16 1 
0 7 1 9 1 17 1 
300 8 1 1 80 18 302 
0 11 1180 18 237 19 1356 
700 10 1180 12 62 20 238 2 996 
0 11 62 13 62 21 30 3 30 
0 12 62 14 1 22 113 4 51 
0 13 1 15 1 
0 14 1 16 1 24 61 6 61 
0 15 1 17 1 25 1 7 1 
0 16 1 18 1 26 1 8 1 
300 17 1 10 237 27 273 9 302 
300 20 472 27 206 28 1721 10 1356 
700 19 472 21 29 29 137 11 238 
0 20 29 22 29 30 30 12 30 
0 21 29 23 1 31 142 13 113 
0 22 1 24 1 
0 23 1 25 58 33 87 15 61 
300 24 58 26 223 34 45 16 1 
300 25 223 27 318 35 163 17 1 
0 26 318 19 206 36 321 18 273 
300 29 278 36 600 37 1269 19 1721 
0 28 278 30 433 38 18 20 137 
600 29 433 31 135 39 1 21 30 
0 30 135 32 49 40 227 22 142 
0 31 49 33 49 
0 32 49 34 76 42 64 24 87 
500 33 76 35 359 43 80 25 45 
100 34 359 36 300 44 271 26 163 
100 35 300 28 600 45 773 27 321 
0 38 1 45 299 46 1571 28 1269 
0 37 1 39 1 47 18 29 18 
0 38 1 40 1 48 1 30 1 
0 39 1 41 12 49 215 31 227 
0 40 12 42 12 
0 41 12 43 30 51 62 33 64 
200 42 30 44 139 52 80 34 80 
800 43 139 45 749 53 539 35 271 
0 44 749 37 299 36 773 
400 47 1 54 453 55 1133 37 1571 
0 46 1 48 1 56 18 38 18 
0 47 1 49 1 57 1 39 1 
0 48 1 50 215 58 1 40 215 
0 49 215 51 12 59 203 
0 50 12 52 30 60 60 42 62 
200 51 30 53 139 61 72 43 80 
700 52 139 54 456 62 406 44 539 
0 53 456 46 453 
500 56 277 63 462 64 160 46 1133 
300 55 277 57 12 65 1 47 18 
0 56 12 58 12 66 1 48 1 
0 57 12 59 12 67 1 49 1 
0 58 12 60 67 68 148 50 203 
0 59 67 61 91 69 84 51 60 
600 60 91 62 435 70 1 52 72 
400 61 435 63 459 71 110 53 406 
0 62 459 55 462 
100 65 1 72 64 55 160 
0 64 1 66 1 56 1 
0 65 1 67 1 57 1 
0 66 1 68 1 58 1 
0 67 1 69 148 59 148 
400 68 148 70 172 60 84 
0 69 172 71 172 61 1 
0 70 172 72 64 62 110 
0 71 64 64 64 
