72 126 011
200 2 35 9 1 10 165 
0 1 35 3 35 
500 2 35 4 424 12 839 
400 3 424 5 212 13 47 
300 4 212 6 166 14 62 
0 5 166 7 1 15 166 
0 6 1 8 1 16 1 
0 7 1 9 1 17 1 
0 8 1 1 1 18 1 
500 11 740 18 1 1 165 19 1207 
0 10 740 12 740 
500 11 740 13 292 21 674 3 839 
400 12 292 14 80 4 47 22 68 
0 13 80 15 63 5 62 23 59 
0 14 63 16 1 6 166 24 229 
0 15 1 17 1 25 1 7 1 
0 16 1 18 1 8 1 26 1 
0 17 1 10 1 9 1 27 1 
100 20 185 27 272 10 1207 28 1359 
0 19 185 21 185 
500 20 185 22 441 30 1054 12 674 
500 21 441 23 176 13 68 31 55 
200 22 176 24 145 14 59 32 56 
0 23 145 25 374 15 229 
0 24 374 26 106 34 328 16 1 
500 25 106 27 274 17 1 35 120 
0 26 274 19 272 18 1 36 1 
300 29 578 36 388 19 1359 37 840 
0 28 578 30 871 38 1408 
100 29 871 31 1 39 232 21 1054 
0 30 1 32 1 22 55 40 55 
0 31 1 33 1 23 56 41 56 
0 32 1 34 1 
0 33 1 35 35 43 313 25 328 
0 34 35 36 116 26 120 44 38 
600 35 116 28 388 27 1 45 200 
200 38 271 45 699 28 840 46 767 
400 37 271 39 59 47 1365 29 1408 
100 38 59 40 3 48 218 30 232 
0 39 3 41 3 31 55 49 55 
0 40 3 42 1 32 56 50 56 
0 41 1 43 1 
0 42 1 44 147 52 250 34 313 
500 43 147 45 396 35 38 53 34 
700 44 396 37 699 36 200 54 257 
300 47 370 54 388 37 767 55 812 
300 46 370 48 294 56 844 38 1365 
500 47 294 49 17 39 218 57 124 
0 48 17 50 17 40 55 58 55 
0 49 17 51 43 41 56 59 99 
0 50 43 52 43 
0 51 43 53 35 61 192 43 250 
0 52 35 54 35 44 34 62 34 
600 53 35 46 388 45 257 63 190 
0 56 466 63 612 46 812 
100 55 466 57 235 65 1063 47 844 
0 56 235 58 354 48 124 66 56 
500 57 354 59 90 49 55 67 1 
0 58 90 60 46 50 99 68 35 
0 59 46 61 46 
200 60 46 62 166 70 6 52 192 
400 61 166 63 362 53 34 71 1 
500 62 362 55 612 54 190 72 46 
0 65 50 72 51 
600 64 50 66 501 56 1063 
600 65 501 67 36 57 56 
0 66 36 68 36 58 1 
0 67 36 69 1 59 35 
0 68 1 70 1 
0 69 1 71 6 61 6 
0 70 6 72 6 62 1 
100 71 6 64 51 63 46 
