72 128 011
0 2 825 9 160 10 923 
800 1 825 3 438 11 240 
500 2 438 4 100 12 31 
0 3 100 5 15 13 85 
0 4 15 6 15 
0 5 15 7 1 15 15 
0 6 1 8 1 16 1 
0 7 1 9 1 17 1 
300 8 1 1 160 18 144 
0 11 469 18 121 19 1356 1 923 
700 10 469 12 29 20 240 2 240 
0 11 29 13 29 21 31 3 31 
0 12 29 14 1 22 114 4 85 
0 13 1 15 1 
0 14 1 16 1 24 15 6 15 
0 15 1 17 1 25 1 7 1 
0 16 1 18 1 26 1 8 1 
300 17 1 10 121 27 309 9 144 
300 20 448 27 949 28 879 10 1356 
700 19 448 21 29 29 160 11 240 
0 20 29 22 29 30 31 12 31 
0 21 29 23 19 31 161 13 114 
0 22 19 24 19 
0 23 19 25 46 33 12 15 15 
300 24 46 26 210 34 45 16 1 
300 25 210 27 321 35 171 17 1 
0 26 321 19 949 36 1171 18 309 
300 29 274 36 149 37 943 19 879 
0 28 274 30 412 38 22 20 160 
600 29 412 31 136 39 19 21 31 
0 30 136 32 31 40 230 22 161 
0 31 31 33 31 
0 32 31 34 51 42 32 24 12 
500 33 51 35 383 43 81 25 45 
100 34 383 36 328 44 273 26 171 
100 35 328 28 149 45 1072 27 1171 
0 38 1 45 341 46 1287 28 943 
0 37 1 39 1 47 22 29 22 
0 38 1 40 1 48 19 30 19 
0 39 1 41 230 49 1 31 230 
0 40 230 42 12 50 217 
0 41 12 43 20 51 40 33 32 
200 42 20 44 149 52 81 34 81 
800 43 149 45 1004 53 776 35 273 
0 44 1004 37 341 36 1072 
400 47 1 54 166 55 1113 37 1287 
0 46 1 48 1 56 22 38 22 
0 47 1 49 1 57 19 39 19 
0 48 1 50 1 58 1 40 1 
0 49 1 51 12 59 205 41 217 
0 50 12 52 20 60 48 42 40 
200 51 20 53 149 61 72 43 81 
600 52 149 54 168 62 406 44 776 
0 53 168 46 166 
500 56 254 63 517 64 90 46 1113 
300 55 254 57 30 65 1 47 22 
0 56 30 58 12 66 1 48 19 
0 57 12 59 1 67 12 49 1 
0 58 1 60 68 68 137 50 205 
0 59 68 61 92 69 73 51 48 
600 60 92 62 433 70 1 52 72 
400 61 433 63 514 71 189 53 406 
0 62 514 55 517 
100 65 1 72 14 55 90 
0 64 1 66 1 56 1 
0 65 1 67 1 57 1 
0 66 1 68 12 58 12 
0 67 12 69 149 59 137 
400 68 149 70 182 60 73 
0 69 182 71 182 61 1 
0 70 182 72 14 62 189 
0 71 14 64 14 
