72 127 011
0 2 702 9 203 10 838 
800 1 702 3 202 11 177 
200 2 202 4 63 12 8 
0 3 63 5 6 13 57 
0 4 6 6 6 
0 5 6 7 1 15 6 
0 6 1 8 1 16 1 
0 7 1 9 1 17 1 
400 8 1 1 203 18 200 
300 11 507 18 92 19 1443 1 838 
700 10 507 12 29 20 185 2 177 
0 11 29 13 29 21 8 3 8 
0 12 29 14 1 22 86 4 57 
0 13 1 15 1 
0 14 1 16 1 24 6 6 6 
0 15 1 17 1 25 1 7 1 
0 16 1 18 1 26 1 8 1 
300 17 1 10 92 27 387 9 200 
300 20 486 27 393 28 1501 10 1443 
700 19 486 21 29 29 113 11 185 
0 20 29 22 29 30 8 12 8 
0 21 29 23 12 31 126 13 86 
0 22 12 24 12 
0 23 12 25 30 33 12 15 6 
300 24 30 26 217 34 53 16 1 
400 25 217 27 379 35 213 17 1 
0 26 379 19 393 36 650 18 387 
300 29 193 36 287 37 1812 19 1501 
0 28 193 30 284 38 22 20 113 
400 29 284 31 100 39 12 21 8 
0 30 100 32 20 40 183 22 126 
0 31 20 33 20 
0 32 20 34 40 42 32 24 12 
500 33 40 35 379 43 104 25 53 
100 34 379 36 565 44 542 26 213 
0 35 565 28 287 27 650 
0 38 1 45 638 46 1517 28 1812 
0 37 1 39 1 47 22 29 22 
0 38 1 40 1 48 12 30 12 
0 39 1 41 183 49 1 31 183 
0 40 183 42 20 50 163 
0 41 20 43 40 51 52 33 32 
500 42 40 44 379 52 105 34 104 
800 43 379 45 649 53 543 35 542 
0 44 649 37 638 
400 47 1 54 336 55 1130 37 1517 
0 46 1 48 1 56 22 38 22 
0 47 1 49 1 57 12 39 12 
0 48 1 50 1 58 1 40 1 
0 49 1 51 12 59 151 41 163 
0 50 12 52 20 60 60 42 52 
200 51 20 53 143 61 90 43 105 
500 52 143 54 332 62 422 44 543 
0 53 332 46 336 
500 56 261 63 533 64 83 46 1130 
300 55 261 57 24 65 1 47 22 
0 56 24 58 12 66 1 48 12 
0 57 12 59 1 67 12 49 1 
0 58 1 60 36 68 115 50 151 
0 59 36 61 60 69 85 51 60 
600 60 60 62 447 70 1 52 90 
400 61 447 63 531 71 206 53 422 
0 62 531 55 533 
100 65 1 72 20 55 83 
0 64 1 66 1 56 1 
0 65 1 67 1 57 1 
0 66 1 68 12 58 12 
0 67 12 69 127 59 115 
400 68 127 70 192 60 85 
0 69 192 71 192 61 1 
0 70 192 72 21 62 206 
0 71 21 64 20 
