72 128 011
0 2 688 9 120 10 742 
800 1 688 3 191 11 179 
200 2 191 4 73 12 8 
0 3 73 5 6 13 67 
0 4 6 6 6 
0 5 6 7 1 15 6 
0 6 1 8 1 16 1 
0 7 1 9 1 17 1 
400 8 1 1 120 18 283 
200 11 505 18 555 19 762 1 742 
700 10 505 12 29 20 187 2 179 
0 11 29 13 29 21 8 3 8 
0 12 29 14 1 22 97 4 67 
0 13 1 15 1 
0 14 1 16 1 24 6 6 6 
0 15 1 17 1 25 1 7 1 
0 16 1 18 1 26 1 8 1 
300 17 1 10 555 27 997 9 283 
300 20 484 27 165 28 1125 10 762 
700 19 484 21 29 29 114 11 187 
0 20 29 22 29 30 8 12 8 
0 21 29 23 12 31 138 13 97 
0 22 12 24 12 
0 23 12 25 30 33 12 15 6 
300 24 30 26 216 34 54 16 1 
400 25 216 27 376 35 216 17 1 
0 26 376 19 165 36 977 18 997 
300 29 223 36 356 37 1480 19 1125 
0 28 223 30 315 38 22 20 114 
400 29 315 31 133 39 12 21 8 
0 30 133 32 246 40 1 22 138 
0 31 246 33 68 41 274 
0 32 68 34 55 42 1 24 12 
500 33 55 35 362 43 105 25 54 
100 34 362 36 796 44 794 26 216 
0 35 796 28 356 27 977 
0 38 1 45 363 46 1437 28 1480 
0 37 1 39 1 47 22 29 22 
0 38 1 40 1 48 12 30 12 
0 39 1 41 1 49 1 31 1 
0 40 1 42 30 50 244 32 274 
0 41 30 43 50 51 20 33 1 
500 42 50 44 367 52 106 34 105 
800 43 367 45 372 53 562 35 794 
0 44 372 37 363 
400 47 1 54 666 55 610 37 1437 
0 46 1 48 1 56 22 38 22 
0 47 1 49 1 57 12 39 12 
0 48 1 50 15 58 15 40 1 
0 49 15 51 12 59 217 41 244 
0 50 12 52 20 60 28 42 20 
200 51 20 53 143 61 91 43 106 
500 52 143 54 659 62 887 44 562 
0 53 659 46 666 
500 56 245 63 158 64 69 46 610 
300 55 245 57 39 65 1 47 22 
0 56 39 58 27 66 1 48 12 
0 57 27 59 1 67 12 49 15 
0 58 1 60 36 68 180 50 217 
0 59 36 61 60 69 53 51 28 
600 60 60 62 445 70 1 52 91 
400 61 445 63 159 71 186 53 887 
0 62 159 55 158 
100 65 1 72 33 55 69 
0 64 1 66 1 56 1 
0 65 1 67 1 57 1 
0 66 1 68 12 58 12 
0 67 12 69 192 59 180 
400 68 192 70 158 60 53 
0 69 158 71 158 61 1 
0 70 158 72 35 62 186 
0 71 35 64 33 
