72 126 011
100 2 665 9 79 10 757 
800 1 665 3 186 11 170 
200 2 186 4 106 12 8 
0 3 106 5 1 13 106 
0 4 1 6 1 
0 5 1 7 1 15 1 
0 6 1 8 1 16 1 
0 7 1 9 1 17 1 
400 8 1 1 79 18 323 
200 11 500 18 250 19 1067 1 757 
700 10 500 12 42 20 177 2 170 
0 11 42 13 42 21 8 3 8 
0 12 42 14 1 22 148 4 106 
0 13 1 15 1 
0 14 1 16 1 24 1 6 1 
0 15 1 17 1 25 1 7 1 
300 16 1 18 166 26 134 8 1 
300 17 166 10 250 27 743 9 323 
300 20 446 27 498 28 1791 10 1067 
700 19 446 21 42 29 143 11 177 
0 20 42 22 42 30 8 12 8 
0 21 42 23 17 31 195 13 148 
0 22 17 24 17 
0 23 17 25 34 33 17 15 1 
300 24 34 26 226 34 40 16 1 
400 25 226 27 643 35 593 17 134 
0 26 643 19 498 18 743 
0 29 189 36 44 37 1803 19 1791 
0 28 189 30 276 38 55 20 143 
400 29 276 31 88 39 31 21 8 
0 30 88 32 246 40 15 22 195 
0 31 246 33 12 41 257 
0 32 12 34 1 42 6 24 17 
0 33 1 35 1 43 40 25 40 
100 34 1 36 42 44 619 26 593 
0 35 42 28 44 
0 38 1 45 417 46 1479 28 1803 
0 37 1 39 1 47 55 29 55 
0 38 1 40 1 48 31 30 31 
0 39 1 41 1 49 15 31 15 
0 40 1 42 29 50 229 32 257 
0 41 29 43 57 51 35 33 6 
500 42 57 44 383 52 69 34 40 
700 43 383 45 419 53 826 35 619 
0 44 419 37 417 
400 47 1 54 785 55 599 37 1479 
0 46 1 48 1 56 55 38 55 
0 47 1 49 1 57 31 39 31 
0 48 1 50 6 58 21 40 15 
0 49 6 51 82 59 171 41 229 
200 50 82 52 115 60 48 42 35 
200 51 115 53 242 61 67 43 69 
500 52 242 54 779 62 1324 44 826 
0 53 779 46 785 
400 56 236 63 244 64 283 46 599 
300 55 236 57 34 65 49 47 55 
0 56 34 58 33 66 29 48 31 
0 57 33 59 11 49 21 
0 58 11 60 40 68 143 50 171 
0 59 40 61 80 69 62 51 48 
700 60 80 62 548 70 1 52 67 
400 61 548 63 248 71 633 53 1324 
0 62 248 55 244 
100 65 393 72 202 55 283 
500 64 393 66 58 56 49 
0 65 58 67 29 57 29 
0 66 29 68 29 
0 67 29 69 153 59 143 
400 68 153 70 188 60 62 
0 69 188 71 188 61 1 
300 70 188 72 204 62 633 
0 71 204 64 202 
