72 128 011
300 2 664 9 224 10 702 
800 1 664 3 186 11 170 
200 2 186 4 106 12 8 
0 3 106 5 1 13 106 
0 4 1 6 1 
0 5 1 7 1 15 1 
0 6 1 8 1 16 1 
0 7 1 9 1 17 1 
400 8 1 1 224 18 523 
200 11 499 18 150 19 1148 1 702 
700 10 499 12 42 20 177 2 170 
0 11 42 13 42 21 8 3 8 
0 12 42 14 1 22 148 4 106 
0 13 1 15 1 
0 14 1 16 1 24 1 6 1 
0 15 1 17 1 25 1 7 1 
300 16 1 18 171 26 129 8 1 
300 17 171 10 150 27 756 9 523 
300 20 396 27 449 28 1735 10 1148 
700 19 396 21 178 29 55 11 177 
0 20 178 22 90 30 95 12 8 
0 21 90 23 223 31 15 13 148 
0 22 223 24 52 32 263 
0 23 52 25 58 33 6 15 1 
300 24 58 26 203 34 40 16 1 
400 25 203 27 606 35 600 17 129 
0 26 606 19 449 18 756 
0 29 188 36 26 37 1736 19 1735 
0 28 188 30 188 38 55 20 55 
400 29 188 31 88 39 31 21 95 
0 30 88 32 46 40 57 22 15 
0 31 46 33 1 41 286 23 263 
0 32 1 34 1 42 6 24 6 
0 33 1 35 1 43 40 25 40 
100 34 1 36 25 44 617 26 600 
0 35 25 28 26 
0 38 1 45 872 46 864 28 1736 
0 37 1 39 1 47 55 29 55 
0 38 1 40 1 48 31 30 31 
0 39 1 41 23 49 80 31 57 
0 40 23 42 29 50 235 32 286 
0 41 29 43 57 51 35 33 6 
500 42 57 44 383 52 69 34 40 
500 43 383 45 865 53 1363 35 617 
0 44 865 37 872 
400 47 1 54 115 55 732 37 864 
0 46 1 48 1 56 55 38 55 
0 47 1 49 1 57 31 39 31 
0 48 1 50 6 58 86 40 80 
0 49 6 51 82 59 178 41 235 
200 50 82 52 115 60 48 42 35 
200 51 115 53 242 61 67 43 69 
500 52 242 54 116 62 1115 44 1363 
0 53 116 46 115 
400 56 227 63 400 64 254 46 732 
300 55 227 57 43 65 49 47 55 
0 56 43 58 56 66 43 48 31 
0 57 56 59 54 49 86 
0 58 54 60 89 68 143 50 178 
0 59 89 61 102 69 35 51 48 
700 60 102 62 499 70 28 52 67 
400 61 499 63 401 71 251 53 1115 
0 62 401 55 400 72 395 
100 65 378 72 217 55 254 
500 64 378 66 73 56 49 
0 65 73 67 29 57 43 
0 66 29 68 29 
0 67 29 69 153 59 143 
400 68 153 70 215 60 35 
0 69 215 71 188 61 28 
300 70 188 72 217 62 251 
0 71 217 64 217 63 395 
