72 126 011
300 2 502 9 80 10 684 
600 1 502 3 176 11 135 
200 2 176 4 126 12 11 
0 3 126 5 1 13 126 
0 4 1 6 1 
0 5 1 7 1 15 1 
0 6 1 8 1 16 1 
100 7 1 9 50 17 50 
400 8 50 1 80 18 423 
200 11 553 18 292 19 1456 1 684 
700 10 553 12 186 20 176 2 135 
200 11 186 13 136 21 14 3 11 
0 12 136 14 1 22 261 4 126 
0 13 1 15 1 
0 14 1 16 1 24 1 6 1 
0 15 1 17 1 25 1 7 1 
300 16 1 18 329 26 399 8 50 
0 17 329 10 292 9 423 
400 20 437 27 233 28 1703 10 1456 
700 19 437 21 139 29 71 11 176 
0 20 139 22 65 30 88 12 14 
0 21 65 23 298 31 28 13 261 
0 22 298 24 46 32 322 
0 23 46 25 57 33 11 15 1 
300 24 57 26 193 34 51 16 1 
400 25 193 27 230 35 640 17 399 
0 26 230 19 233 
0 29 169 36 34 37 1688 19 1703 
0 28 169 30 169 38 71 20 71 
400 29 169 31 115 39 29 21 88 
0 30 115 32 36 40 108 22 28 
0 31 36 33 1 41 337 23 322 
0 32 1 34 1 42 11 24 11 
0 33 1 35 1 43 51 25 51 
100 34 1 36 32 44 681 26 640 
0 35 32 28 34 
0 38 1 45 1123 46 565 28 1688 
0 37 1 39 1 47 71 29 71 
0 38 1 40 1 48 29 30 29 
0 39 1 41 1 49 108 31 108 
0 40 1 42 101 50 264 32 337 
200 41 101 43 164 51 81 33 11 
500 42 164 44 424 52 101 34 51 
500 43 424 45 1124 53 1724 35 681 
0 44 1124 37 1123 
300 47 1 54 99 55 485 37 565 
0 46 1 48 1 56 71 38 71 
0 47 1 49 29 57 57 39 29 
0 48 29 50 79 40 108 
0 49 79 51 116 59 256 41 264 
200 50 116 52 158 60 73 42 81 
700 51 158 53 569 61 135 43 101 
500 52 569 54 101 62 1375 44 1724 
0 53 101 46 99 
400 56 196 63 368 64 201 46 485 
300 55 196 57 56 65 46 47 71 
0 56 56 58 35 66 36 48 57 
0 57 35 59 35 
0 58 35 60 50 68 204 50 256 
0 59 50 61 75 69 49 51 73 
700 60 75 62 486 70 78 52 135 
300 61 486 63 543 71 431 53 1375 
0 62 543 55 368 72 393 
100 65 372 72 264 55 201 
500 64 372 66 82 56 46 
0 65 82 67 45 57 36 
0 66 45 68 45 
0 67 45 69 213 59 204 
600 68 213 70 336 60 49 
0 69 336 71 259 61 78 
300 70 259 72 95 62 431 
100 71 95 64 264 63 393 
