72 128 011
300 2 502 9 80 10 684 
600 1 502 3 176 11 135 
200 2 176 4 126 12 11 
0 3 126 5 1 13 126 
0 4 1 6 1 
0 5 1 7 1 15 1 
0 6 1 8 1 16 1 
100 7 1 9 45 17 55 
400 8 45 1 80 18 418 
200 11 475 18 268 19 1336 1 684 
700 10 475 12 266 20 148 2 135 
200 11 266 13 199 21 74 3 11 
0 12 199 14 296 22 28 4 126 
0 13 296 15 1 23 296 
0 14 1 16 1 24 1 6 1 
0 15 1 17 1 25 1 7 1 
300 16 1 18 310 26 423 8 55 
0 17 310 10 268 9 418 
400 20 437 27 214 28 1565 10 1336 
700 19 437 21 104 29 104 11 148 
0 20 104 22 65 30 88 12 74 
0 21 65 23 13 31 80 13 28 
0 22 13 24 38 32 325 14 296 
0 23 38 25 49 33 11 15 1 
300 24 49 26 201 34 51 16 1 
400 25 201 27 211 35 691 17 423 
0 26 211 19 214 
0 29 169 36 658 37 925 19 1565 
0 28 169 30 169 38 104 20 104 
400 29 169 31 115 39 29 21 88 
0 30 115 32 11 40 185 22 80 
0 31 11 33 1 41 315 23 325 
0 32 1 34 1 42 11 24 11 
0 33 1 35 1 43 51 25 51 
100 34 1 36 657 44 1356 26 691 
0 35 657 28 658 
0 38 1 45 1 46 925 28 925 
0 37 1 39 1 47 104 29 104 
0 38 1 40 1 48 29 30 29 
0 39 1 41 25 49 159 31 185 
0 40 25 42 101 50 267 32 315 
200 41 101 43 137 51 53 33 11 
500 42 137 44 424 52 128 34 51 
500 43 424 45 1 53 1276 35 1356 
0 44 1 37 1 
300 47 1 54 618 55 365 37 925 
0 46 1 48 1 56 104 38 104 
0 47 1 49 29 57 57 39 29 
0 48 29 50 131 40 159 
0 49 131 51 179 59 248 41 267 
200 50 179 52 228 60 21 42 53 
700 51 228 53 524 61 187 43 128 
500 52 524 54 539 62 497 44 1276 
0 53 539 46 618 63 974 
400 56 204 63 331 64 163 46 365 
300 55 204 57 48 65 78 47 104 
0 56 48 58 27 66 36 48 57 
0 57 27 59 27 
0 58 27 60 50 68 204 50 248 
0 59 50 61 50 69 21 51 21 
700 60 50 62 486 70 105 52 187 
300 61 486 63 443 71 282 53 497 
0 62 443 55 331 72 547 54 974 
100 65 339 72 269 55 163 
500 64 339 66 82 56 78 
0 65 82 67 45 57 36 
0 66 45 68 45 
0 67 45 69 213 59 204 
600 68 213 70 363 60 21 
0 69 363 71 259 61 105 
300 70 259 72 244 62 282 
100 71 244 64 269 63 547 
