72 126 011
300 2 499 9 36 10 779 
600 1 499 3 173 11 104 
200 2 173 4 154 12 18 
0 3 154 5 1 13 154 
0 4 1 6 1 
0 5 1 7 1 15 1 
0 6 1 8 1 16 1 
100 7 1 9 34 17 66 
0 8 34 1 36 
500 11 522 18 99 19 1542 1 779 
700 10 522 12 219 20 115 2 104 
200 11 219 13 154 21 76 3 18 
0 12 154 14 295 22 13 4 154 
0 13 295 15 1 23 295 
0 14 1 16 1 24 1 6 1 
0 15 1 17 1 25 1 7 1 
300 16 1 18 98 26 263 8 66 
0 17 98 10 99 
400 20 380 27 240 28 1754 10 1542 
600 19 380 21 108 29 89 11 115 
0 20 108 22 72 30 72 12 76 
0 21 72 23 21 31 65 13 13 
0 22 21 24 33 32 328 14 295 
0 23 33 25 53 33 20 15 1 
300 24 53 26 197 34 50 16 1 
500 25 197 27 239 35 643 17 263 
0 26 239 19 240 
0 29 118 36 1252 37 514 19 1754 
0 28 118 30 118 38 89 20 89 
300 29 118 31 105 39 33 21 72 
0 30 105 32 18 40 152 22 65 
0 31 18 33 115 41 269 23 328 
400 32 115 34 158 42 128 24 20 
0 33 158 35 158 43 50 25 50 
100 34 158 36 1251 44 1922 26 643 
0 35 1251 28 1252 
100 38 1 45 30 46 514 28 514 
0 37 1 39 1 47 89 29 89 
0 38 1 40 13 48 46 30 33 
0 39 13 41 139 31 152 
0 40 139 42 93 50 342 32 269 
200 41 93 43 153 51 151 33 128 
600 42 153 44 457 52 163 34 50 
500 43 457 45 31 53 1841 35 1922 
0 44 31 37 30 
300 47 1 54 322 55 290 37 514 
0 46 1 48 1 56 89 38 89 
0 47 1 49 1 57 46 39 46 
0 48 1 50 1 
0 49 1 51 98 59 271 41 342 
200 50 98 52 245 60 40 42 151 
700 51 245 53 524 61 298 43 163 
200 52 524 54 602 62 1047 44 1841 
0 53 602 46 322 63 722 
400 56 205 63 369 64 110 46 290 
300 55 205 57 52 65 68 47 89 
0 56 52 58 35 66 29 48 46 
0 57 35 59 35 
0 58 35 60 41 68 225 50 271 
0 59 41 61 41 69 40 51 40 
700 60 41 62 447 70 223 52 298 
300 61 447 63 171 71 615 53 1047 
300 62 171 55 369 72 430 54 722 
0 65 342 72 233 55 110 
500 64 342 66 89 56 68 
0 65 89 67 59 57 29 
0 66 59 68 59 
0 67 59 69 217 59 225 
600 68 217 70 398 60 40 
500 69 398 71 567 61 223 
300 70 567 72 196 62 615 
100 71 196 64 233 63 430 
