72 128 011
300 2 450 9 31 10 715 
600 1 450 3 214 11 82 
200 2 214 4 198 12 55 
0 3 198 5 185 13 13 
0 4 185 6 2 14 188 
0 5 2 7 2 15 1 
0 6 2 8 2 16 1 
100 7 2 9 30 17 68 
0 8 30 1 31 
500 11 522 18 97 19 1475 1 715 
700 10 522 12 205 20 131 2 82 
200 11 205 13 154 21 76 3 55 
0 12 154 14 36 22 131 4 13 
0 13 36 15 1 23 223 5 188 
0 14 1 16 1 24 1 6 1 
0 15 1 17 1 25 1 7 1 
300 16 1 18 95 26 268 8 68 
0 17 95 10 97 
400 20 380 27 581 28 1321 10 1475 
600 19 380 21 108 29 105 11 131 
0 20 108 22 72 30 72 12 76 
0 21 72 23 10 31 213 13 131 
0 22 10 24 17 32 211 14 223 
0 23 17 25 37 33 20 15 1 
300 24 37 26 212 34 50 16 1 
500 25 212 27 578 35 1029 17 268 
0 26 578 19 581 
0 29 106 36 28 37 1323 19 1321 
0 28 106 30 106 38 105 20 105 
300 29 106 31 108 39 43 21 72 
0 30 108 32 31 40 270 22 213 
0 31 31 33 115 41 180 23 211 
400 32 115 34 158 42 128 24 20 
0 33 158 35 158 43 50 25 50 
100 34 158 36 28 44 1058 26 1029 
0 35 28 28 28 
100 38 1 45 1024 46 334 28 1323 
0 37 1 39 1 47 105 29 105 
0 38 1 40 13 48 56 30 43 
0 39 13 41 257 31 270 
0 40 257 42 137 50 327 32 180 
200 41 137 43 272 51 45 33 128 
600 42 272 44 430 52 269 34 50 
500 43 430 45 464 53 570 35 1058 
0 44 464 37 1024 54 1440 
300 47 1 54 172 55 265 37 334 
0 46 1 48 1 56 105 38 105 
0 47 1 49 1 57 56 39 56 
0 48 1 50 1 
0 49 1 51 98 59 256 41 327 
200 50 98 52 160 60 40 42 45 
700 51 160 53 524 61 298 43 269 
200 52 524 54 443 62 492 44 570 
0 53 443 46 172 63 1292 45 1440 
400 56 200 63 369 64 110 46 265 
300 55 200 57 63 65 68 47 105 
0 56 63 58 54 66 77 48 56 
0 57 54 59 54 
0 58 54 60 41 68 162 50 256 
0 59 41 61 41 69 40 51 40 
700 60 41 62 447 70 223 52 298 
300 61 447 63 840 71 830 53 492 
300 62 840 55 369 72 231 54 1292 
0 65 342 72 233 55 110 
500 64 342 66 89 56 68 
0 65 89 67 40 57 77 
0 66 40 68 40 
0 67 40 69 202 59 162 
600 68 202 70 414 60 40 
500 69 414 71 583 61 223 
300 70 583 72 97 62 830 
100 71 97 64 233 63 231 
