72 127 011
700 2 519 9 32 10 1099 
600 1 519 3 218 11 75 
200 2 218 4 162 12 57 
0 3 162 5 162 13 1 
0 4 162 6 5 14 167 
0 5 5 7 5 15 1 
0 6 5 8 5 16 1 
100 7 5 9 31 17 64 
0 8 31 1 32 
500 11 240 18 113 19 1545 1 1099 
200 10 240 12 138 20 86 2 75 
200 11 138 13 106 21 71 3 57 
0 12 106 14 5 22 101 4 1 
0 13 5 15 1 23 172 5 167 
0 14 1 16 1 24 1 6 1 
0 15 1 17 1 25 1 7 1 
400 16 1 18 111 26 346 8 64 
0 17 111 10 113 
400 20 421 27 816 28 1134 10 1545 
600 19 421 21 120 29 81 11 86 
0 20 120 22 85 30 67 12 71 
0 21 85 23 10 31 196 13 101 
0 22 10 24 24 32 167 14 172 
0 23 24 25 39 33 15 15 1 
300 24 39 26 212 34 49 16 1 
500 25 212 27 812 35 1355 17 346 
0 26 812 19 816 
500 29 131 36 154 37 1192 19 1134 
0 28 131 30 131 38 81 20 81 
300 29 131 31 120 39 54 21 67 
0 30 120 32 296 22 196 
0 31 296 33 102 41 426 23 167 
400 32 102 34 197 42 97 24 15 
0 33 197 35 197 43 49 25 49 
100 34 197 36 154 44 1363 26 1355 
0 35 154 28 154 
100 38 1 45 898 46 326 28 1192 
0 37 1 39 1 47 81 29 81 
0 38 1 40 1 48 54 30 54 
0 39 1 41 1 
0 40 1 42 99 50 389 32 426 
200 41 99 43 243 51 29 33 97 
600 42 243 44 469 52 236 34 49 
400 43 469 45 483 53 739 35 1363 
0 44 483 37 898 54 1332 
300 47 15 54 163 55 251 37 326 
0 46 15 48 15 56 81 38 81 
0 47 15 49 1 57 54 39 54 
0 48 1 50 1 
0 49 1 51 57 59 367 41 389 
0 50 57 52 57 60 29 42 29 
700 51 57 53 447 61 255 43 236 
200 52 447 54 162 62 467 44 739 
300 53 162 46 163 63 1250 45 1332 
300 56 220 63 298 64 92 46 251 
300 55 220 57 68 65 56 47 81 
0 56 68 58 34 66 79 48 54 
0 57 34 59 34 
0 58 34 60 57 68 311 50 367 
0 59 57 61 57 69 29 51 29 
700 60 57 62 447 70 192 52 255 
300 61 447 63 839 71 744 53 467 
300 62 839 55 298 72 171 54 1250 
0 65 274 72 180 55 92 
400 64 274 66 72 56 56 
0 65 72 67 66 57 79 
0 66 66 68 66 
300 67 66 69 259 59 311 
600 68 259 70 521 60 29 
500 69 521 71 699 61 192 
0 70 699 72 107 62 744 
100 71 107 64 180 63 171 
