72 128 011
700 2 519 9 28 10 1095 
600 1 519 3 218 11 75 
200 2 218 4 162 12 57 
0 3 162 5 5 13 157 
0 4 5 6 2 14 7 
0 5 2 7 2 15 1 
0 6 2 8 2 16 1 
100 7 2 9 27 17 70 
0 8 27 1 28 
500 11 235 18 288 19 1295 1 1095 
200 10 235 12 133 20 86 2 75 
200 11 133 13 106 21 76 3 57 
0 12 106 14 2 22 266 4 157 
0 13 2 15 1 23 5 5 7 
0 14 1 16 1 24 1 6 1 
0 15 1 17 1 25 1 7 1 
400 16 1 18 285 26 594 8 70 
0 17 285 10 288 
400 20 441 27 121 28 1685 10 1295 
600 19 441 21 80 29 81 11 86 
0 20 80 22 45 30 72 12 76 
0 21 45 23 12 31 313 13 266 
0 22 12 24 24 32 7 14 5 
0 23 24 25 39 33 15 15 1 
300 24 39 26 229 34 32 16 1 
500 25 229 27 120 35 859 17 594 
0 26 120 19 121 
500 29 146 36 1671 37 273 19 1685 
0 28 146 30 146 38 81 20 81 
300 29 146 31 78 39 62 21 72 
0 30 78 32 372 22 313 
0 31 372 33 89 41 329 23 7 
400 32 89 34 275 42 31 24 15 
0 33 275 35 210 43 97 25 32 
100 34 210 36 398 44 517 26 859 
0 35 398 28 1671 45 1871 
100 38 2 45 56 46 251 28 273 
0 37 2 39 2 47 81 29 81 
0 38 2 40 1 48 59 30 62 
0 39 1 41 1 
0 40 1 42 99 50 292 32 329 
200 41 99 43 178 51 29 33 31 
600 42 178 44 469 52 219 34 97 
400 43 469 45 500 53 571 35 517 
0 44 500 37 56 54 1684 36 1871 
300 47 15 54 163 55 177 37 251 
0 46 15 48 15 56 81 38 81 
0 47 15 49 21 57 80 39 59 
0 48 21 50 21 
0 49 21 51 57 59 249 41 292 
0 50 57 52 57 60 29 42 29 
700 51 57 53 447 61 238 43 219 
200 52 447 54 1098 62 1364 44 571 
300 53 1098 46 163 63 536 45 1684 
300 56 225 63 298 64 23 46 177 
300 55 225 57 73 65 56 47 81 
0 56 73 58 1 66 66 48 80 
0 57 1 59 1 
0 58 1 60 40 68 244 50 249 
0 59 40 61 40 69 29 51 29 
700 60 40 62 482 70 192 52 238 
300 61 482 63 217 71 854 53 1364 
300 62 217 55 298 72 211 54 536 
0 65 287 72 262 55 23 
400 64 287 66 59 56 56 
0 65 59 67 66 57 66 
0 66 66 68 66 
300 67 66 69 241 59 244 
600 68 241 70 564 60 29 
500 69 564 71 766 61 192 
0 70 766 72 150 62 854 
100 71 150 64 262 63 211 
