72 126 011
700 2 458 9 1 10 1033 
500 1 458 3 192 11 61 
200 2 192 4 120 12 83 
0 3 120 5 1 13 120 
0 4 1 6 1 14 1 
0 5 1 7 1 15 1 
0 6 1 8 1 16 1 
0 7 1 9 1 17 1 
0 8 1 1 1 
500 11 154 18 737 19 756 1 1033 
200 10 154 12 40 20 79 2 61 
0 11 40 13 28 21 88 3 83 
0 12 28 14 1 22 149 4 120 
0 13 1 15 1 23 1 5 1 
0 14 1 16 1 24 1 6 1 
0 15 1 17 1 25 1 7 1 
400 16 1 18 735 26 992 8 1 
0 17 735 10 737 
700 20 442 27 301 28 1105 10 756 
600 19 442 21 103 29 96 11 79 
0 20 103 22 66 30 104 12 88 
0 21 66 23 215 13 149 
0 22 215 24 26 32 230 14 1 
0 23 26 25 36 33 10 15 1 
300 24 36 26 226 34 38 16 1 
500 25 226 27 295 35 1384 17 992 
0 26 295 19 301 
500 29 624 36 1319 37 152 19 1105 
600 28 624 30 286 38 49 20 96 
300 29 286 31 88 39 157 21 104 
0 30 88 32 88 
0 31 88 33 114 41 250 23 230 
400 32 114 34 269 42 7 24 10 
0 33 269 35 183 43 125 25 38 
100 34 183 36 419 44 967 26 1384 
0 35 419 28 1319 45 1403 
100 38 7 45 50 46 119 28 152 
0 37 7 39 7 47 49 29 49 
0 38 7 40 1 48 159 30 157 
0 39 1 41 1 
0 40 1 42 108 50 225 32 250 
200 41 108 43 188 51 1 33 7 
600 42 188 44 490 52 216 34 125 
400 43 490 45 177 53 730 35 967 
200 44 177 37 50 54 1283 36 1403 
0 47 1 54 1 55 119 37 119 
0 46 1 48 1 56 49 38 49 
0 47 1 49 58 57 218 39 159 
0 48 58 50 58 
0 49 58 51 60 59 167 41 225 
0 50 60 52 60 60 1 42 1 
700 51 60 53 471 61 199 43 216 
200 52 471 54 446 62 759 44 730 
300 53 446 46 1 63 728 45 1283 
300 56 69 63 194 64 14 46 119 
0 55 69 57 69 65 49 47 49 
200 56 69 58 12 66 109 48 218 
0 57 12 59 12 
0 58 12 60 83 68 215 50 167 
0 59 83 61 83 69 1 51 1 
700 60 83 62 632 70 196 52 199 
0 61 632 63 273 53 759 
300 62 273 55 194 72 626 54 728 
0 65 282 72 266 55 14 
400 64 282 66 72 56 49 
0 65 72 67 58 57 109 
0 66 58 68 58 
300 67 58 69 66 59 215 
0 68 66 70 66 60 1 
500 69 66 71 310 61 196 
0 70 310 72 310 
100 71 310 64 266 63 626 
