72 128 011
700 2 458 9 142 10 891 
500 1 458 3 192 11 61 
200 2 192 4 120 12 83 
0 3 120 5 1 13 120 
0 4 1 6 1 14 1 
0 5 1 7 1 15 1 
0 6 1 8 1 16 1 
0 7 1 9 140 17 142 
0 8 140 1 142 
500 11 141 18 73 19 1292 1 891 
200 10 141 12 34 20 73 2 61 
0 11 34 13 15 21 95 3 83 
0 12 15 14 1 22 136 4 120 
0 13 1 15 1 23 1 5 1 
0 14 1 16 1 24 1 6 1 
0 15 1 17 1 25 1 7 1 
400 16 1 18 73 26 469 8 142 
0 17 73 10 73 
700 20 507 27 1598 28 279 10 1292 
600 19 507 21 168 29 89 11 73 
0 20 168 22 32 30 211 12 95 
0 21 32 23 167 13 136 
0 22 167 24 20 32 178 14 1 
0 23 20 25 20 33 1 15 1 
300 24 20 26 231 34 49 16 1 
500 25 231 27 469 35 368 17 469 
0 26 469 19 1598 36 1794 
500 29 541 36 635 37 68 19 279 
600 28 541 30 202 38 42 20 89 
300 29 202 31 88 39 206 21 211 
0 30 88 32 88 
0 31 88 33 114 41 198 23 178 
400 32 114 34 279 42 7 24 1 
0 33 279 35 183 43 125 25 49 
100 34 183 36 149 44 413 26 368 
0 35 149 28 635 45 2053 27 1794 
100 38 7 45 50 46 35 28 68 
0 37 7 39 7 47 42 29 42 
0 38 7 40 20 48 228 30 206 
0 39 20 41 20 
0 40 20 42 108 50 151 32 198 
200 41 108 43 188 51 1 33 7 
600 42 188 44 490 52 216 34 125 
400 43 490 45 1375 53 1435 35 413 
200 44 1375 37 50 54 673 36 2053 
0 47 1 54 1 55 35 37 35 
0 46 1 48 1 56 42 38 42 
0 47 1 49 12 57 240 39 228 
0 48 12 50 12 
0 49 12 51 60 59 140 41 151 
0 50 60 52 60 60 1 42 1 
700 51 60 53 471 61 199 43 216 
200 52 471 54 73 62 1032 44 1435 
300 53 73 46 1 63 550 45 673 
300 56 86 63 279 64 1 46 35 
0 55 86 57 72 65 56 47 42 
200 56 72 58 101 66 50 48 240 
0 57 101 59 33 67 109 
0 58 33 60 32 68 99 50 140 
0 59 32 61 32 69 1 51 1 
700 60 32 62 867 70 502 52 199 
0 61 867 63 308 53 1032 
300 62 308 55 279 72 393 54 550 
0 65 270 72 267 55 1 
400 64 270 66 81 56 56 
0 65 81 67 31 57 50 
0 66 31 68 99 58 109 
300 67 99 69 147 59 99 
0 68 147 70 147 60 1 
500 69 147 71 79 61 502 
0 70 79 72 79 
100 71 79 64 267 63 393 
