72 126 011
700 2 389 9 360 10 619 
500 1 389 3 116 11 38 
0 2 116 4 97 12 19 
0 3 97 5 1 13 97 
0 4 1 6 1 14 1 
0 5 1 7 1 15 1 
0 6 1 8 1 16 1 
0 7 1 9 357 17 360 
0 8 357 1 360 
700 11 148 18 61 19 1186 1 619 
200 10 148 12 37 20 40 2 38 
0 11 37 13 24 21 32 3 19 
0 12 24 14 121 4 97 
0 13 121 15 1 23 121 5 1 
0 14 1 16 1 24 1 6 1 
0 15 1 17 1 25 1 7 1 
400 16 1 18 59 26 660 8 360 
0 17 59 10 61 
700 20 41 27 1304 28 257 10 1186 
0 19 41 21 41 29 40 11 40 
0 20 41 22 1 30 73 12 32 
0 21 1 23 1 
0 22 1 24 8 32 129 14 121 
0 23 8 25 8 33 1 15 1 
300 24 8 26 193 34 98 16 1 
0 25 193 27 257 35 455 17 660 
0 26 257 19 1304 36 1466 
500 29 457 36 586 37 32 19 257 
600 28 457 30 107 38 23 20 40 
0 29 107 31 40 39 139 21 73 
0 30 40 32 40 
0 31 40 33 95 41 141 23 129 
500 32 95 34 367 42 38 24 1 
0 33 367 35 248 43 189 25 98 
100 34 248 36 144 44 509 26 455 
300 35 144 28 586 45 1822 27 1466 
0 38 1 45 1 46 32 28 32 
0 37 1 39 1 47 23 29 23 
0 38 1 40 26 48 165 30 139 
0 39 26 41 26 
0 40 26 42 60 50 126 32 141 
200 41 60 43 165 51 40 33 38 
800 42 165 44 637 52 306 34 189 
400 43 637 45 634 53 770 35 509 
200 44 634 37 1 54 1187 36 1822 
0 47 1 54 1 55 32 37 32 
0 46 1 48 1 56 23 38 23 
0 47 1 49 1 57 165 39 165 
0 48 1 50 1 
0 49 1 51 1 59 126 41 126 
0 50 1 52 1 60 40 42 40 
700 51 1 53 607 61 429 43 306 
0 52 607 54 389 44 770 
300 53 389 46 1 63 1433 45 1187 
300 56 20 63 250 64 1 46 32 
0 55 20 57 8 65 34 47 23 
0 56 8 58 121 66 53 48 165 
0 57 121 59 57 67 109 
0 58 57 60 114 68 104 50 126 
600 59 114 61 444 69 1 51 40 
700 60 444 62 656 70 66 52 429 
0 61 656 63 656 
500 62 656 55 250 72 415 54 1433 
0 65 284 72 279 55 1 
400 64 284 66 87 56 34 
0 65 87 67 34 57 53 
0 66 34 68 98 58 109 
300 67 98 69 104 59 104 
0 68 104 70 104 60 1 
0 69 104 71 39 61 66 
0 70 39 72 39 
100 71 39 64 279 63 415 
