72 128 011
200 2 103 9 1 10 263 
0 1 103 3 103 
500 2 103 4 409 12 725 
400 3 409 5 198 13 48 
300 4 198 6 168 14 75 
0 5 168 7 1 15 168 
0 6 1 8 1 16 1 
0 7 1 9 1 17 1 
0 8 1 1 1 18 1 
500 11 83 18 1 1 263 19 618 
0 10 83 12 83 
500 11 83 13 296 21 1264 3 725 
400 12 296 14 58 4 48 22 68 
0 13 58 15 41 5 75 23 72 
0 14 41 16 1 6 168 24 209 
0 15 1 17 1 25 1 7 1 
0 16 1 18 1 8 1 26 1 
0 17 1 10 1 9 1 27 1 
100 20 449 27 292 10 618 28 361 
0 19 449 21 1697 29 1935 
500 20 1697 22 466 30 174 12 1264 
500 21 466 23 169 13 68 31 56 
200 22 169 24 100 14 72 32 71 
0 23 100 25 309 15 209 
0 24 309 26 85 34 241 16 1 
500 25 85 27 375 17 1 35 39 
0 26 375 19 292 18 1 36 82 
300 29 331 36 386 19 361 37 541 
0 28 331 30 65 38 1833 20 1935 
100 29 65 31 2 39 156 21 174 
0 30 2 32 2 22 56 40 56 
0 31 2 33 1 23 71 41 69 
0 32 1 34 1 
0 33 1 35 35 43 226 25 241 
0 34 35 36 35 26 39 44 39 
600 35 35 28 386 27 82 45 202 
200 38 935 45 694 28 541 46 1332 
300 37 935 39 58 47 931 29 1833 
100 38 58 40 3 48 142 30 156 
0 39 3 41 3 31 56 49 56 
0 40 3 42 22 32 69 50 91 
0 41 22 43 22 
0 42 22 44 148 52 140 34 226 
500 43 148 45 395 35 39 53 34 
700 44 395 37 694 36 202 54 259 
300 47 226 54 396 37 1332 55 1035 
300 46 226 48 292 56 753 38 931 
500 47 292 49 30 39 142 57 61 
0 48 30 50 30 40 56 58 56 
0 49 30 51 1 41 91 59 78 
0 50 1 52 1 
0 51 1 53 25 61 136 43 140 
0 52 25 54 25 44 34 62 34 
600 53 25 46 396 45 259 63 192 
0 56 610 63 694 46 1035 
100 55 610 57 318 65 1032 47 753 
0 56 318 58 348 48 61 66 31 
500 57 348 59 69 49 56 67 26 
0 58 69 60 36 50 78 68 25 
0 59 36 61 47 69 10 
200 60 47 62 147 70 1 52 136 
400 61 147 63 404 53 34 71 1 
500 62 404 55 694 54 192 72 81 
0 65 22 72 22 
600 64 22 66 500 56 1032 
600 65 500 67 63 57 31 
0 66 63 68 37 58 26 
0 67 37 69 10 59 25 
0 68 10 70 1 60 10 
0 69 1 71 1 61 1 
0 70 1 72 1 62 1 
100 71 1 64 22 63 81 
