72 128 011
700 2 397 9 58 10 968 
500 1 397 3 67 11 38 
0 2 67 4 34 12 34 
0 3 34 5 1 13 34 
0 4 1 6 1 14 1 
0 5 1 7 1 15 1 
0 6 1 8 1 16 1 
0 7 1 9 58 17 58 
0 8 58 1 58 
700 11 204 18 1239 19 327 1 968 
200 10 204 12 64 20 40 2 38 
0 11 64 13 9 21 88 3 34 
0 12 9 14 43 4 34 
0 13 43 15 1 23 43 5 1 
0 14 1 16 1 24 1 6 1 
0 15 1 17 1 25 1 7 1 
500 16 1 18 221 26 221 8 58 
0 17 221 10 1239 27 1373 
700 20 21 27 460 28 260 10 327 
0 19 21 21 21 29 40 11 40 
0 20 21 22 1 30 109 12 88 
0 21 1 23 1 
0 22 1 24 8 32 51 14 43 
0 23 8 25 8 33 1 15 1 
300 24 8 26 192 34 99 16 1 
0 25 192 27 119 35 266 17 221 
0 26 119 19 460 36 1723 18 1373 
500 29 456 36 562 37 51 19 260 
600 28 456 30 108 38 23 20 40 
0 29 108 31 29 39 187 21 109 
0 30 29 32 29 
0 31 29 33 96 41 52 23 51 
500 32 96 34 365 42 38 24 1 
0 33 365 35 245 43 191 25 99 
100 34 245 36 1515 44 1689 26 266 
300 35 1515 28 562 45 636 27 1723 
0 38 1 45 1 46 51 28 51 
0 37 1 39 1 47 23 29 23 
0 38 1 40 12 48 175 30 187 
0 39 12 41 12 
0 40 12 42 35 50 55 32 52 
200 41 35 43 146 51 40 33 38 
800 42 146 44 638 52 332 34 191 
400 43 638 45 1 53 1327 35 1689 
0 44 1 37 1 54 636 36 636 
0 47 19 54 1 55 32 37 51 
0 46 19 48 1 56 43 38 23 
0 47 1 49 149 57 27 39 175 
0 48 149 50 27 58 175 
0 49 27 51 1 59 29 41 55 
0 50 1 52 1 60 40 42 40 
700 51 1 53 1120 61 967 43 332 
0 52 1120 54 438 44 1327 
300 53 438 46 1 63 932 45 636 
300 56 20 63 249 64 1 46 32 
0 55 20 57 8 65 54 47 43 
0 56 8 58 8 66 27 48 27 
0 57 8 59 58 67 172 49 175 
0 58 58 60 75 68 46 50 29 
600 59 75 61 483 69 1 51 40 
700 60 483 62 180 70 94 52 967 
0 61 180 63 180 
500 62 180 55 249 72 389 54 932 
0 65 264 72 259 55 1 
400 64 264 66 88 56 54 
0 65 88 67 61 57 27 
0 66 61 68 134 58 172 
300 67 134 69 125 59 46 
0 68 125 70 125 60 1 
0 69 125 71 34 61 94 
0 70 34 72 34 
100 71 34 64 259 63 389 
