72 126 011
800 2 357 9 41 10 1028 
500 1 357 3 115 11 31 
0 2 115 4 62 12 52 
0 3 62 5 62 
0 4 62 6 1 14 62 
0 5 1 7 1 15 1 
0 6 1 8 1 16 1 
0 7 1 9 40 17 41 
0 8 40 1 41 
700 11 64 18 1225 19 245 1 1028 
0 10 64 12 64 20 31 2 31 
0 11 64 13 1 21 116 3 52 
0 12 1 14 1 
0 13 1 15 1 23 62 5 62 
0 14 1 16 1 24 1 6 1 
0 15 1 17 1 25 1 7 1 
300 16 1 18 119 26 141 8 41 
0 17 119 10 1225 27 1301 
700 20 30 27 477 28 141 10 245 
0 19 30 21 30 29 31 11 31 
0 20 30 22 1 30 146 12 116 
0 21 1 23 1 
0 22 1 24 59 32 90 14 62 
300 23 59 25 221 33 46 15 1 
300 24 221 26 309 34 168 16 1 
0 25 309 27 205 35 208 17 141 
300 26 205 19 477 36 1708 18 1301 
0 29 428 36 272 37 19 19 141 
600 28 428 30 139 38 1 20 31 
0 29 139 31 51 39 234 21 146 
0 30 51 32 51 
0 31 51 33 78 41 66 23 90 
500 32 78 34 354 42 83 24 46 
100 33 354 35 290 43 279 25 168 
100 34 290 36 616 44 696 26 208 
300 35 616 28 272 45 1270 27 1708 
0 38 1 45 1 46 19 28 19 
0 37 1 39 1 47 1 29 1 
0 38 1 40 13 48 222 30 234 
0 39 13 41 13 
0 40 13 42 31 50 64 32 66 
200 41 31 43 137 51 82 33 83 
800 42 137 44 669 52 486 34 279 
0 43 669 45 311 35 696 
0 44 311 37 1 54 1581 36 1270 
0 47 1 54 1 55 19 37 19 
0 46 1 48 1 56 1 38 1 
0 47 1 49 222 57 1 39 222 
0 48 222 50 13 58 209 
0 49 13 51 31 59 61 41 64 
200 50 31 52 137 60 74 42 82 
700 51 137 53 470 61 375 43 486 
0 52 470 54 470 
400 53 470 46 1 63 1141 45 1581 
300 56 12 63 269 64 1 46 19 
0 55 12 57 12 65 1 47 1 
0 56 12 58 12 66 1 48 1 
0 57 12 59 69 67 152 49 209 
0 58 69 60 94 68 87 50 61 
600 59 94 61 429 69 1 51 74 
400 60 429 62 473 70 101 52 375 
0 61 473 63 473 
500 62 473 55 269 72 162 54 1141 
0 65 1 72 1 55 1 
0 64 1 66 1 56 1 
0 65 1 67 1 57 1 
0 66 1 68 152 58 152 
400 67 152 69 165 59 87 
0 68 165 70 165 60 1 
0 69 165 71 66 61 101 
0 70 66 72 66 
100 71 66 64 1 63 162 
