72 128 011
800 2 437 9 837 10 245 
500 1 437 3 102 11 31 
0 2 102 4 16 12 86 
0 3 16 5 16 
0 4 16 6 1 14 16 
0 5 1 7 1 15 1 
0 6 1 8 1 16 1 
0 7 1 9 1 17 1 
0 8 1 1 837 18 837 
700 11 30 18 477 19 245 1 245 
0 10 30 12 30 20 31 2 31 
0 11 30 13 1 21 116 3 86 
0 12 1 14 1 
0 13 1 15 1 23 16 5 16 
0 14 1 16 1 24 1 6 1 
0 15 1 17 1 25 1 7 1 
300 16 1 18 119 26 181 8 1 
0 17 119 10 477 27 1308 9 837 
700 20 30 27 454 28 163 10 245 
0 19 30 21 30 29 31 11 31 
0 20 30 22 19 30 164 12 116 
0 21 19 23 19 
0 22 19 24 47 32 12 14 16 
300 23 47 25 208 33 46 15 1 
300 24 208 26 309 34 181 16 1 
0 25 309 27 987 35 1111 17 181 
300 26 987 19 454 36 830 18 1308 
0 29 409 36 272 37 22 19 163 
600 28 409 30 139 38 19 20 31 
0 29 139 31 32 39 234 21 164 
0 30 32 32 32 
0 31 32 33 52 41 33 23 12 
500 32 52 34 380 42 83 24 46 
100 33 380 35 316 43 291 25 181 
100 34 316 36 154 44 1032 26 1111 
300 35 154 28 272 45 932 27 830 
0 38 1 45 1 46 22 28 22 
0 37 1 39 1 47 19 29 19 
0 38 1 40 234 48 1 30 234 
0 39 234 41 13 49 222 
0 40 13 42 21 50 41 32 33 
200 41 21 43 147 51 82 33 83 
800 42 147 44 963 52 784 34 291 
0 43 963 45 351 35 1032 
0 44 351 37 1 54 1283 36 932 
0 47 1 54 1 55 22 37 22 
0 46 1 48 1 56 19 38 19 
0 47 1 49 1 57 1 39 1 
0 48 1 50 13 58 209 40 222 
0 49 13 51 21 59 49 41 41 
200 50 21 52 147 60 74 42 82 
700 51 147 53 196 61 388 43 784 
0 52 196 54 196 
400 53 196 46 1 63 1119 45 1283 
300 56 31 63 248 64 1 46 22 
0 55 31 57 12 65 1 47 19 
0 56 12 58 1 66 12 48 1 
0 57 1 59 69 67 140 49 209 
0 58 69 60 94 68 75 50 49 
600 59 94 61 429 69 1 51 74 
400 60 429 62 525 70 185 52 388 
0 61 525 63 525 
500 62 525 55 248 72 90 54 1119 
0 65 1 72 1 55 1 
0 64 1 66 1 56 1 
0 65 1 67 12 57 12 
0 66 12 68 152 58 140 
400 67 152 69 177 59 75 
0 68 177 70 177 60 1 
0 69 177 71 15 61 185 
0 70 15 72 15 
100 71 15 64 1 63 90 
