72 127 011
800 2 202 9 720 10 177 
200 1 202 3 63 11 8 
0 2 63 4 6 12 57 
0 3 6 5 6 
0 4 6 6 1 14 6 
0 5 1 7 1 15 1 
0 6 1 8 1 16 1 
400 7 1 9 200 17 200 
0 8 200 1 720 18 838 
700 11 29 18 520 19 185 1 177 
0 10 29 12 29 20 8 2 8 
0 11 29 13 1 21 86 3 57 
0 12 1 14 1 
0 13 1 15 1 23 6 5 6 
0 14 1 16 1 24 1 6 1 
0 15 1 17 1 25 1 7 1 
300 16 1 18 89 26 387 8 200 
300 17 89 10 520 27 1443 9 838 
700 20 29 27 498 28 113 10 185 
0 19 29 21 29 29 8 11 8 
0 20 29 22 12 30 126 12 86 
0 21 12 23 12 
0 22 12 24 30 32 12 14 6 
300 23 30 25 217 33 53 15 1 
400 24 217 26 379 34 213 16 1 
0 25 379 27 384 35 650 17 387 
300 26 384 19 498 36 1501 18 1443 
0 29 284 36 192 37 22 19 113 
400 28 284 30 100 38 12 20 8 
0 29 100 31 20 39 183 21 126 
0 30 20 32 20 
0 31 20 33 40 41 32 23 12 
500 32 40 34 379 42 104 24 53 
100 33 379 35 565 43 542 25 213 
0 34 565 36 287 26 650 
300 35 287 28 192 45 1812 27 1501 
0 38 1 45 1 46 22 28 22 
0 37 1 39 1 47 12 29 12 
0 38 1 40 183 48 1 30 183 
0 39 183 41 20 49 163 
0 40 20 42 40 50 52 32 32 
500 41 40 43 379 51 105 33 104 
800 42 379 44 649 52 543 34 542 
0 43 649 45 649 
0 44 649 37 1 54 1517 36 1812 
0 47 1 54 1 55 22 37 22 
0 46 1 48 1 56 12 38 12 
0 47 1 49 1 57 1 39 1 
0 48 1 50 12 58 151 40 163 
0 49 12 51 20 59 60 41 52 
200 50 20 52 143 60 90 42 105 
500 51 143 53 332 61 422 43 543 
0 52 332 54 332 
400 53 332 46 1 63 1130 45 1517 
300 56 24 63 255 64 1 46 22 
0 55 24 57 12 65 1 47 12 
0 56 12 58 1 66 12 48 1 
0 57 1 59 36 67 115 49 151 
0 58 36 60 60 68 85 50 60 
600 59 60 61 447 69 1 51 90 
400 60 447 62 531 70 206 52 422 
0 61 531 63 531 
500 62 531 55 255 72 83 54 1130 
0 65 1 72 1 55 1 
0 64 1 66 1 56 1 
0 65 1 67 12 57 12 
0 66 12 68 127 58 115 
400 67 127 69 192 59 85 
0 68 192 70 192 60 1 
0 69 192 71 21 61 206 
0 70 21 72 21 
100 71 21 64 1 63 83 
