72 127 011
0 2 1 9 1 10 1 
300 1 1 3 70 11 230 
0 2 70 4 70 
500 3 70 5 567 13 997 
700 4 567 6 202 14 97 
200 5 202 7 156 15 50 
0 6 156 8 156 16 1 
0 7 156 9 1 17 156 
0 8 1 1 1 18 1 
300 11 202 18 48 19 50 1 1 
500 10 202 12 169 20 698 2 230 
0 11 169 13 169 
400 12 169 14 411 22 1430 4 997 
600 13 411 15 97 23 112 5 97 
0 14 97 16 72 24 55 6 50 
0 15 72 17 21 25 51 7 1 
0 16 21 18 28 26 194 8 156 
0 17 28 10 48 27 20 9 1 
0 20 178 27 178 28 50 10 50 
100 19 178 21 736 29 1525 11 698 
0 20 736 22 736 
0 21 736 23 116 31 726 13 1430 
0 22 116 24 116 32 112 14 112 
300 23 116 25 108 33 57 15 55 
0 24 108 26 18 34 141 16 51 
0 25 18 27 95 35 168 17 194 
400 26 95 19 178 36 128 18 20 
600 29 477 36 156 37 163 19 50 
700 28 477 30 33 38 1701 20 1525 
0 29 33 31 33 
100 30 33 32 1 40 744 22 726 
0 31 1 33 1 41 112 23 112 
0 32 1 34 1 42 57 24 57 
0 33 1 35 141 25 141 
0 34 141 36 72 44 271 26 168 
200 35 72 28 156 45 151 27 128 
700 38 539 45 250 46 306 28 163 
200 37 539 39 929 47 728 29 1701 
0 38 929 40 545 48 1264 
300 39 545 41 1 49 357 31 744 
0 40 1 42 1 50 112 32 112 
0 41 1 43 1 51 57 33 57 
0 42 1 44 1 
0 43 1 45 76 53 228 35 271 
200 44 76 37 250 54 40 36 151 
700 47 453 54 30 55 236 37 306 
300 46 453 48 171 56 447 38 728 
300 47 171 49 391 57 1027 39 1264 
400 48 391 50 206 58 278 40 357 
300 49 206 51 48 59 96 41 112 
0 50 48 52 35 60 44 42 57 
0 51 35 53 35 
0 52 35 54 29 62 193 44 228 
0 53 29 46 30 63 40 45 40 
500 56 597 63 417 64 23 46 236 
300 55 597 57 438 65 242 47 447 
100 56 438 58 246 66 373 48 1027 
0 57 246 59 343 67 232 49 278 
500 58 343 60 81 68 36 50 96 
0 59 81 61 82 69 47 51 44 
0 60 82 62 82 
0 61 82 63 178 71 4 53 193 
600 62 178 55 417 72 1 54 40 
100 65 74 72 4 55 23 
0 64 74 66 181 56 242 
100 65 181 67 464 57 373 
600 66 464 68 152 58 232 
200 67 152 69 47 59 36 
0 68 47 70 1 60 47 
0 69 1 71 1 
0 70 1 72 4 62 4 
0 71 4 64 4 63 1 
