72 128 011
800 2 191 9 710 10 177 
200 1 191 3 73 11 8 
0 2 73 4 6 12 67 
0 3 6 5 6 
0 4 6 6 1 14 6 
0 5 1 7 1 15 1 
0 6 1 8 1 16 1 
400 7 1 9 120 17 280 
0 8 120 1 710 18 749 
700 11 29 18 520 19 185 1 177 
0 10 29 12 29 20 8 2 8 
0 11 29 13 1 21 96 3 67 
0 12 1 14 1 
0 13 1 15 1 23 6 5 6 
0 14 1 16 1 24 1 6 1 
0 15 1 17 1 25 1 7 1 
300 16 1 18 571 26 1014 8 280 
300 17 571 10 520 27 806 9 749 
700 20 29 27 498 28 113 10 185 
0 19 29 21 29 29 8 11 8 
0 20 29 22 12 30 136 12 96 
0 21 12 23 12 
0 22 12 24 30 32 12 14 6 
300 23 30 25 217 33 53 15 1 
400 24 217 26 379 34 213 16 1 
0 25 379 27 160 35 986 17 1014 
300 26 160 19 498 36 1155 18 806 
0 29 320 36 228 37 22 19 113 
400 28 320 30 136 38 12 20 8 
0 29 136 31 248 39 1 21 136 
0 30 248 32 67 40 275 
0 31 67 33 55 41 1 23 12 
500 32 55 34 364 42 104 24 53 
100 33 364 35 807 43 799 25 213 
0 34 807 36 352 26 986 
300 35 352 28 228 45 1495 27 1155 
0 38 1 45 1 46 22 28 22 
0 37 1 39 1 47 12 29 12 
0 38 1 40 1 48 1 30 1 
0 39 1 41 30 49 245 31 275 
0 40 30 42 50 50 20 32 1 
500 41 50 43 369 51 105 33 104 
800 42 369 44 368 52 557 34 799 
0 43 368 45 368 
0 44 368 37 1 54 1453 36 1495 
0 47 1 54 1 55 22 37 22 
0 46 1 48 1 56 12 38 12 
0 47 1 49 15 57 15 39 1 
0 48 15 50 12 58 218 40 245 
0 49 12 51 20 59 28 41 20 
200 50 20 52 143 60 90 42 105 
500 51 143 53 670 61 888 43 557 
0 52 670 54 670 
400 53 670 46 1 63 613 45 1453 
300 56 39 63 241 64 1 46 22 
0 55 39 57 27 65 1 47 12 
0 56 27 58 1 66 12 48 15 
0 57 1 59 36 67 183 49 218 
0 58 36 60 60 68 53 50 28 
600 59 60 61 447 69 1 51 90 
400 60 447 62 157 70 184 52 888 
0 61 157 63 157 
500 62 157 55 241 72 70 54 613 
0 65 1 72 1 55 1 
0 64 1 66 1 56 1 
0 65 1 67 12 57 12 
0 66 12 68 195 58 183 
400 67 195 69 156 59 53 
0 68 156 70 156 60 1 
0 69 156 71 35 61 184 
0 70 35 72 35 
100 71 35 64 1 63 70 
