72 126 011
800 2 196 9 697 10 169 
200 1 196 3 96 11 7 
0 2 96 4 1 12 96 
0 3 1 5 1 
0 4 1 6 1 14 1 
0 5 1 7 1 15 1 
0 6 1 8 1 16 1 
400 7 1 9 80 17 320 
100 8 80 1 697 18 773 
700 11 41 18 515 19 176 1 169 
0 10 41 12 41 20 7 2 7 
0 11 41 13 1 21 137 3 96 
0 12 1 14 1 
0 13 1 15 1 23 1 5 1 
0 14 1 16 1 24 1 6 1 
300 15 1 17 167 25 133 7 1 
300 16 167 18 253 26 743 8 320 
300 17 253 10 515 27 1134 9 773 
700 20 41 27 460 28 141 10 176 
0 19 41 21 41 29 7 11 7 
0 20 41 22 17 30 184 12 137 
0 21 17 23 17 
0 22 17 24 34 32 17 14 1 
300 23 34 25 226 33 40 15 1 
400 24 226 26 644 34 588 16 133 
0 25 644 27 488 17 743 
300 26 488 19 460 36 1841 18 1134 
0 29 277 36 190 37 55 19 141 
400 28 277 30 88 38 30 20 7 
0 29 88 31 243 39 6 21 184 
0 30 243 32 11 40 255 
0 31 11 33 1 41 6 23 17 
0 32 1 34 1 42 40 24 40 
100 33 1 35 43 43 613 25 588 
0 34 43 36 43 
0 35 43 28 190 45 1849 27 1841 
0 38 1 45 1 46 55 28 55 
0 37 1 39 1 47 30 29 30 
0 38 1 40 1 48 6 30 6 
0 39 1 41 28 49 226 31 255 
0 40 28 42 57 50 35 32 6 
500 41 57 43 385 51 69 33 40 
700 42 385 44 426 52 818 34 613 
0 43 426 45 426 
0 44 426 37 1 54 1517 36 1849 
0 47 1 54 1 55 55 37 55 
0 46 1 48 1 56 30 38 30 
0 47 1 49 6 57 11 39 6 
0 48 6 50 81 58 170 40 226 
200 49 81 51 116 59 47 41 35 
200 50 116 52 243 60 67 42 69 
500 51 243 53 797 61 1329 43 818 
0 52 797 54 797 
400 53 797 46 1 63 615 45 1517 
300 56 34 63 232 64 48 46 55 
0 55 34 57 23 65 19 47 30 
0 56 23 58 11 48 11 
0 57 11 59 40 67 141 49 170 
0 58 40 60 80 68 62 50 47 
700 59 80 61 549 69 1 51 67 
400 60 549 62 246 70 634 52 1329 
0 61 246 63 246 
400 62 246 55 232 72 295 54 615 
500 65 48 72 404 55 48 
0 64 48 66 29 56 19 
0 65 29 67 29 
0 66 29 68 151 58 141 
400 67 151 69 190 59 62 
0 68 190 70 190 60 1 
300 69 190 71 202 61 634 
0 70 202 72 202 
100 71 202 64 404 63 295 
