72 126 011
200 2 198 9 1 10 367 
0 1 198 3 198 
500 2 198 4 297 12 544 
400 3 297 5 76 13 46 
0 4 76 6 69 14 7 
0 5 69 7 1 15 69 
0 6 1 8 1 16 1 
0 7 1 9 1 17 1 
0 8 1 1 1 18 1 
500 11 142 18 391 1 367 19 949 
0 10 142 12 142 
600 11 142 13 299 21 1101 3 544 
400 12 299 14 78 4 46 22 64 
0 13 78 15 71 5 7 23 14 
0 14 71 16 140 6 69 
0 15 140 17 17 25 158 7 1 
0 16 17 18 40 8 1 26 22 
500 17 40 10 391 9 1 27 67 
100 20 614 27 244 10 949 28 457 
0 19 614 21 1511 29 1848 
500 20 1511 22 407 30 150 12 1101 
400 21 407 23 151 13 64 31 53 
200 22 151 24 79 14 14 32 44 
0 23 79 25 79 
0 24 79 26 93 34 189 16 158 
500 25 93 27 339 17 22 35 45 
0 26 339 19 244 18 67 36 161 
300 29 214 36 383 19 457 37 574 
300 28 214 30 66 38 1756 20 1848 
100 29 66 31 3 39 133 21 150 
0 30 3 32 3 22 53 40 53 
0 31 3 33 1 23 44 41 44 
0 32 1 34 1 
0 33 1 35 21 43 189 25 189 
0 34 21 36 21 26 45 44 45 
600 35 21 28 383 27 161 45 242 
200 38 491 45 499 28 574 46 879 
300 37 491 39 1 47 1244 29 1756 
0 38 1 40 1 48 133 30 133 
0 39 1 41 1 31 53 49 53 
0 40 1 42 45 32 44 50 88 
0 41 45 43 45 
0 42 45 44 107 52 114 34 189 
500 43 107 45 376 35 45 53 45 
400 44 376 37 499 36 242 54 241 
0 47 534 54 602 37 879 
300 46 534 48 316 56 1494 38 1244 
500 47 316 49 18 39 133 57 40 
0 48 18 50 18 40 53 58 53 
0 49 18 51 1 41 88 59 88 
0 50 1 52 1 
0 51 1 53 33 61 148 43 114 
0 52 33 54 33 44 45 62 45 
600 53 33 46 602 45 241 63 347 
0 56 516 63 514 
200 55 516 57 320 65 826 47 1494 
0 56 320 58 347 48 40 66 13 
500 57 347 59 85 49 53 67 13 
0 58 85 60 61 50 88 68 5 
0 59 61 61 66 69 5 
200 60 66 62 122 70 1 52 148 
500 61 122 63 426 53 45 71 1 
500 62 426 55 514 54 347 72 1 
0 65 1 72 1 
600 64 1 66 267 56 826 
300 65 267 67 24 57 13 
0 66 24 68 11 58 13 
0 67 11 69 5 59 5 
0 68 5 70 1 60 5 
0 69 1 71 1 61 1 
0 70 1 72 1 62 1 
0 71 1 64 1 63 1 
