72 128 011
800 2 186 9 684 10 170 
200 1 186 3 106 11 8 
0 2 106 4 1 12 106 
0 3 1 5 1 
0 4 1 6 1 14 1 
0 5 1 7 1 15 1 
0 6 1 8 1 16 1 
400 7 1 9 183 17 504 
100 8 183 1 684 18 576 
700 11 42 18 513 19 177 1 170 
0 10 42 12 42 20 8 2 8 
0 11 42 13 1 21 148 3 106 
0 12 1 14 1 
0 13 1 15 1 23 1 5 1 
0 14 1 16 1 24 1 6 1 
300 15 1 17 166 25 134 7 1 
300 16 166 18 146 26 754 8 504 
200 17 146 10 513 27 1056 9 576 
700 20 178 27 409 28 55 10 177 
0 19 178 21 90 29 95 11 8 
0 20 90 22 223 30 15 12 148 
0 21 223 23 52 31 263 
0 22 52 24 58 32 6 14 1 
300 23 58 25 203 33 40 15 1 
400 24 203 26 605 34 630 16 134 
0 25 605 27 444 17 754 
300 26 444 19 409 36 1683 18 1056 
0 29 189 36 188 37 55 19 55 
400 28 189 30 88 38 31 20 95 
0 29 88 31 46 39 57 21 15 
0 30 46 32 1 40 286 22 263 
0 31 1 33 1 41 6 23 6 
0 32 1 34 1 42 40 24 40 
100 33 1 35 25 43 652 25 630 
0 34 25 36 25 
0 35 25 28 188 45 1699 27 1683 
0 38 1 45 1 46 55 28 55 
0 37 1 39 1 47 31 29 31 
0 38 1 40 23 48 80 30 57 
0 39 23 41 29 49 235 31 286 
0 40 29 42 57 50 35 32 6 
500 41 57 43 383 51 69 33 40 
700 42 383 44 877 52 1415 34 652 
0 43 877 45 877 
0 44 877 37 1 54 818 36 1699 
0 47 1 54 1 55 55 37 55 
0 46 1 48 1 56 31 38 31 
0 47 1 49 6 57 86 39 80 
0 48 6 50 82 58 178 40 235 
200 49 82 51 115 59 48 41 35 
200 50 115 52 242 60 67 42 69 
500 51 242 53 125 61 1159 43 1415 
0 52 125 54 125 
400 53 125 46 1 63 693 45 818 
300 56 43 63 223 64 49 46 55 
0 55 43 57 56 65 43 47 31 
0 56 56 58 54 48 86 
0 57 54 59 89 67 143 49 178 
0 58 89 60 102 68 35 50 48 
700 59 102 61 499 69 28 51 67 
400 60 499 62 428 70 265 52 1159 
0 61 428 63 402 71 394 
400 62 402 55 223 72 243 54 693 
500 65 73 72 379 55 49 
0 64 73 66 29 56 43 
0 65 29 67 29 
0 66 29 68 153 58 143 
400 67 153 69 215 59 35 
0 68 215 70 188 60 28 
300 69 188 71 203 61 265 
0 70 203 72 230 62 394 
100 71 230 64 379 63 243 
