72 126 011
600 2 177 9 507 10 135 
200 1 177 3 126 11 11 
0 2 126 4 1 12 126 
0 3 1 5 1 
0 4 1 6 1 14 1 
0 5 1 7 1 15 1 
100 6 1 8 48 16 52 
400 7 48 9 64 17 425 
100 8 64 1 507 18 528 
700 11 186 18 563 19 176 1 135 
200 10 186 12 136 20 14 2 11 
0 11 136 13 1 21 261 3 126 
0 12 1 14 1 
0 13 1 15 1 23 1 5 1 
0 14 1 16 1 24 1 6 1 
300 15 1 17 332 25 413 7 52 
0 16 332 18 288 8 425 
200 17 288 10 563 27 1339 9 528 
700 20 139 27 447 28 71 10 176 
0 19 139 21 65 29 88 11 14 
0 20 65 22 298 30 28 12 261 
0 21 298 23 46 31 322 
0 22 46 24 57 32 11 14 1 
300 23 57 25 193 33 51 15 1 
400 24 193 26 217 34 667 16 413 
0 25 217 27 217 
400 26 217 19 447 36 1639 18 1339 
0 29 169 36 169 37 71 19 71 
400 28 169 30 115 38 29 20 88 
0 29 115 31 36 39 108 21 28 
0 30 36 32 1 40 337 22 322 
0 31 1 33 1 41 11 23 11 
0 32 1 34 1 42 51 24 51 
100 33 1 35 31 43 710 25 667 
0 34 31 36 31 
0 35 31 28 169 45 1640 27 1639 
0 38 1 45 1 46 71 28 71 
0 37 1 39 1 47 29 29 29 
0 38 1 40 1 48 108 30 108 
0 39 1 41 101 49 264 31 337 
200 40 101 42 164 50 81 32 11 
500 41 164 43 424 51 101 33 51 
700 42 424 44 1109 52 1761 34 710 
0 43 1109 45 1109 
0 44 1109 37 1 54 534 36 1640 
0 47 1 54 1 55 71 37 71 
0 46 1 48 29 56 57 38 29 
0 47 29 49 79 39 108 
0 48 79 50 116 58 256 40 264 
200 49 116 51 158 59 73 41 81 
700 50 158 52 569 60 135 42 101 
500 51 569 53 107 61 1404 43 1761 
0 52 107 54 107 
300 53 107 46 1 63 460 45 534 
300 56 56 63 193 64 46 46 71 
0 55 56 57 35 65 36 47 57 
0 56 35 58 35 
0 57 35 59 50 67 204 49 256 
0 58 50 60 75 68 49 50 73 
700 59 75 61 486 69 78 51 135 
300 60 486 62 570 70 432 52 1404 
0 61 570 63 383 71 404 
400 62 383 55 193 72 190 54 460 
500 65 82 72 373 55 46 
0 64 82 66 45 56 36 
0 65 45 67 45 
0 66 45 68 213 58 204 
600 67 213 69 336 59 49 
0 68 336 70 259 60 78 
300 69 259 71 95 61 432 
100 70 95 72 277 62 404 
100 71 277 64 373 63 190 
