72 128 011
600 2 177 9 507 10 135 
200 1 177 3 126 11 11 
0 2 126 4 1 12 126 
0 3 1 5 1 
0 4 1 6 1 14 1 
0 5 1 7 1 15 1 
100 6 1 8 43 16 57 
400 7 43 9 64 17 420 
100 8 64 1 507 18 528 
700 11 263 18 481 19 148 1 135 
200 10 263 12 195 20 74 2 11 
0 11 195 13 293 21 28 3 126 
0 12 293 14 1 22 293 
0 13 1 15 1 23 1 5 1 
0 14 1 16 1 24 1 6 1 
300 15 1 17 313 25 437 7 57 
0 16 313 18 264 8 420 
200 17 264 10 481 27 1223 9 528 
700 20 104 27 447 28 104 10 148 
0 19 104 21 65 29 88 11 74 
0 20 65 22 13 30 80 12 28 
0 21 13 23 38 31 322 13 293 
0 22 38 24 49 32 11 14 1 
300 23 49 25 201 33 51 15 1 
400 24 201 26 198 34 718 16 437 
0 25 198 27 198 
400 26 198 19 447 36 1504 18 1223 
0 29 169 36 169 37 104 19 104 
400 28 169 30 115 38 29 20 88 
0 29 115 31 11 39 185 21 80 
0 30 11 32 1 40 311 22 322 
0 31 1 33 1 41 11 23 11 
0 32 1 34 1 42 51 24 51 
100 33 1 35 679 43 1405 25 718 
0 34 679 36 679 
0 35 679 28 169 45 861 27 1504 
0 38 1 45 1 46 104 28 104 
0 37 1 39 1 47 29 29 29 
0 38 1 40 25 48 159 30 185 
0 39 25 41 101 49 264 31 311 
200 40 101 42 137 50 53 32 11 
500 41 137 43 424 51 128 33 51 
700 42 424 44 1 52 1351 34 1405 
0 43 1 45 1 
0 44 1 37 1 54 861 36 861 
0 47 1 54 1 55 104 37 104 
0 46 1 48 29 56 57 38 29 
0 47 29 49 131 39 159 
0 48 131 50 175 58 248 40 264 
200 49 175 51 232 59 21 41 53 
700 50 232 52 527 60 187 42 128 
500 51 527 53 572 61 534 43 1351 
0 52 572 54 588 62 965 
300 53 588 46 1 63 341 45 861 
300 56 48 63 201 64 78 46 104 
0 55 48 57 27 65 36 47 57 
0 56 27 58 27 
0 57 27 59 50 67 204 49 248 
0 58 50 60 50 68 21 50 21 
700 59 50 61 486 69 105 51 187 
300 60 486 62 424 70 299 52 534 
0 61 424 63 348 71 543 53 965 
400 62 348 55 201 72 153 54 341 
500 65 82 72 341 55 78 
0 64 82 66 45 56 36 
0 65 45 67 45 
0 66 45 68 213 58 204 
600 67 213 69 363 59 21 
0 68 363 70 259 60 105 
300 69 259 71 227 61 299 
100 70 227 72 282 62 543 
100 71 282 64 341 63 153 
