72 126 011
600 2 174 9 508 10 102 
200 1 174 3 152 11 18 
0 2 152 4 1 12 152 
0 3 1 5 1 
0 4 1 6 1 14 1 
0 5 1 7 1 15 1 
100 6 1 8 34 16 66 
0 7 34 9 34 
300 8 34 1 508 18 784 
700 11 219 18 536 19 113 1 102 
200 10 219 12 151 20 75 2 18 
0 11 151 13 290 21 13 3 152 
0 12 290 14 1 22 290 
0 13 1 15 1 23 1 5 1 
0 14 1 16 1 24 1 6 1 
300 15 1 17 96 25 265 7 66 
0 16 96 18 96 
500 17 96 10 536 27 1558 9 784 
600 20 106 27 388 28 88 10 113 
0 19 106 21 71 29 71 11 75 
0 20 71 22 20 30 63 12 13 
0 21 20 23 32 31 323 13 290 
0 22 32 24 52 32 20 14 1 
300 23 52 25 199 33 49 15 1 
500 24 199 26 235 34 653 16 265 
0 25 235 27 235 
400 26 235 19 388 36 1783 18 1558 
0 29 121 36 120 37 88 19 88 
300 28 121 30 103 38 33 20 71 
0 29 103 31 17 39 149 21 63 
0 30 17 32 113 40 265 22 323 
400 31 113 33 162 41 126 23 20 
0 32 162 34 162 42 49 24 49 
100 33 162 35 1297 43 1982 25 653 
0 34 1297 36 1297 
0 35 1297 28 120 45 505 27 1783 
0 38 1 45 1 46 88 28 88 
0 37 1 39 13 47 46 29 33 
0 38 13 40 136 30 149 
0 39 136 41 91 49 337 31 265 
200 40 91 42 153 50 148 32 126 
600 41 153 43 463 51 160 33 49 
700 42 463 44 33 52 1906 34 1982 
0 43 33 45 33 
100 44 33 37 1 54 505 36 505 
0 47 1 54 1 55 88 37 88 
0 46 1 48 1 56 46 38 46 
0 47 1 49 1 
0 48 1 50 97 58 266 40 337 
200 49 97 51 244 59 39 41 148 
700 50 244 52 531 60 293 42 160 
200 51 531 53 625 61 1072 43 1906 
0 52 625 54 322 62 738 
300 53 322 46 1 63 286 45 505 
300 56 52 63 204 64 67 46 88 
0 55 52 57 34 65 29 47 46 
0 56 34 58 34 
0 57 34 59 40 67 221 49 266 
0 58 40 60 40 68 39 50 39 
700 59 40 61 451 69 219 51 293 
300 60 451 62 168 70 630 52 1072 
300 61 168 63 379 71 434 53 738 
400 62 379 55 204 72 108 54 286 
500 65 88 72 346 55 67 
0 64 88 66 58 56 29 
0 65 58 67 58 
0 66 58 68 213 58 221 
600 67 213 69 402 59 39 
500 68 402 70 576 60 219 
300 69 576 71 193 61 630 
100 70 193 72 238 62 434 
0 71 238 64 346 63 108 
