72 128 011
600 2 210 9 456 10 81 
200 1 210 3 198 11 54 
0 2 198 4 185 12 13 
0 3 185 5 2 13 188 
0 4 2 6 2 14 1 
0 5 2 7 2 15 1 
100 6 2 8 29 16 69 
0 7 29 9 29 
300 8 29 1 456 18 718 
700 11 206 18 536 19 128 1 81 
200 10 206 12 151 20 75 2 54 
0 11 151 13 35 21 129 3 13 
0 12 35 14 1 22 223 4 188 
0 13 1 15 1 23 1 5 1 
0 14 1 16 1 24 1 6 1 
300 15 1 17 93 25 270 7 69 
0 16 93 18 93 
500 17 93 10 536 27 1489 9 718 
600 20 106 27 388 28 103 10 128 
0 19 106 21 71 29 71 11 75 
0 20 71 22 10 30 210 12 129 
0 21 10 23 17 31 211 13 223 
0 22 17 24 37 32 20 14 1 
300 23 37 25 214 33 49 15 1 
500 24 214 26 626 34 1087 16 270 
0 25 626 27 626 
400 26 626 19 388 36 1299 18 1489 
0 29 109 36 108 37 103 19 103 
300 28 109 30 106 38 43 20 71 
0 29 106 31 30 39 266 21 210 
0 30 30 32 113 40 180 22 211 
400 31 113 33 162 41 126 23 20 
0 32 162 34 162 42 49 24 49 
100 33 162 35 33 43 1129 25 1087 
0 34 33 36 33 
0 35 33 28 108 45 1301 27 1299 
0 38 1 45 1 46 103 28 103 
0 37 1 39 13 47 56 29 43 
0 38 13 40 253 30 266 
0 39 253 41 138 49 322 31 180 
200 40 138 42 274 50 44 32 126 
600 41 274 43 439 51 264 33 49 
700 42 439 44 492 52 622 34 1129 
0 43 492 45 1008 53 1450 
100 44 1008 37 1 54 329 36 1301 
0 47 1 54 1 55 103 37 103 
0 46 1 48 1 56 56 38 56 
0 47 1 49 1 
0 48 1 50 97 58 251 40 322 
200 49 97 51 160 59 39 41 44 
700 50 160 52 531 60 293 42 264 
200 51 531 53 436 61 526 43 622 
0 52 436 54 177 62 1299 44 1450 
300 53 177 46 1 63 261 45 329 
300 56 62 63 199 64 67 46 103 
0 55 62 57 53 65 76 47 56 
0 56 53 58 53 
0 57 53 59 40 67 159 49 251 
0 58 40 60 40 68 39 50 39 
700 59 40 61 451 69 219 51 293 
300 60 451 62 826 70 841 52 526 
300 61 826 63 379 71 237 53 1299 
400 62 379 55 199 72 108 54 261 
500 65 88 72 346 55 67 
0 64 88 66 40 56 76 
0 65 40 67 40 
0 66 40 68 199 58 159 
600 67 199 69 417 59 39 
500 68 417 70 591 60 219 
300 69 591 71 95 61 841 
100 70 95 72 238 62 237 
0 71 238 64 346 63 108 
