72 127 011
600 2 218 9 518 10 76 
200 1 218 3 163 11 58 
0 2 163 4 163 12 1 
0 3 163 5 5 13 168 
0 4 5 6 5 14 1 
0 5 5 7 5 15 1 
100 6 5 8 31 16 64 
0 7 31 9 31 
700 8 31 1 518 18 1096 
200 11 138 18 233 19 87 1 76 
200 10 138 12 107 20 72 2 58 
0 11 107 13 5 21 102 3 1 
0 12 5 14 1 22 173 4 168 
0 13 1 15 1 23 1 5 1 
0 14 1 16 1 24 1 6 1 
400 15 1 17 112 25 345 7 64 
0 16 112 18 112 
500 17 112 10 233 27 1538 9 1096 
600 20 121 27 423 28 82 10 87 
0 19 121 21 86 29 68 11 72 
0 20 86 22 10 30 197 12 102 
0 21 10 23 25 31 168 13 173 
0 22 25 24 39 32 15 14 1 
300 23 39 25 211 33 49 15 1 
500 24 211 26 790 34 1327 16 345 
0 25 790 27 790 
400 26 790 19 423 36 1144 18 1538 
0 29 129 36 128 37 82 19 82 
300 28 129 30 121 38 55 20 68 
0 29 121 31 298 21 197 
0 30 298 32 103 40 430 22 168 
400 31 103 33 195 41 97 23 15 
0 32 195 34 195 42 49 24 49 
100 33 195 35 148 43 1324 25 1327 
0 34 148 36 148 
500 35 148 28 128 45 1202 27 1144 
0 38 1 45 1 46 82 28 82 
0 37 1 39 1 47 55 29 55 
0 38 1 40 1 
0 39 1 41 100 49 392 31 430 
200 40 100 42 244 50 30 32 97 
600 41 244 43 466 51 238 33 49 
300 42 466 44 469 52 717 34 1324 
0 43 469 45 903 53 1326 
100 44 903 37 1 54 329 36 1202 
0 47 15 54 15 55 82 37 82 
0 46 15 48 1 56 55 38 55 
0 47 1 49 1 
0 48 1 50 57 58 370 40 392 
0 49 57 51 57 59 30 41 30 
700 50 57 52 445 60 257 42 238 
200 51 445 53 164 61 450 43 717 
300 52 164 54 165 62 1248 44 1326 
300 53 165 46 15 63 253 45 329 
300 56 69 63 216 64 57 46 82 
0 55 69 57 35 65 79 47 55 
0 56 35 58 35 
0 57 35 59 57 67 313 49 370 
0 58 57 60 57 68 30 50 30 
700 59 57 61 445 69 194 51 257 
300 60 445 62 846 70 738 52 450 
300 61 846 63 299 71 168 53 1248 
300 62 299 55 216 72 93 54 253 
400 65 73 72 271 55 57 
0 64 73 66 67 56 79 
0 65 67 67 67 
300 66 67 68 259 58 313 
600 67 259 69 518 59 30 
500 68 518 70 693 60 194 
0 69 693 71 108 61 738 
100 70 108 72 180 62 168 
0 71 180 64 271 63 93 
