72 128 011
600 2 218 9 518 10 76 
200 1 218 3 163 11 58 
0 2 163 4 5 12 158 
0 3 5 5 2 13 7 
0 4 2 6 2 14 1 
0 5 2 7 2 15 1 
100 6 2 8 27 16 70 
0 7 27 9 27 
700 8 27 1 518 18 1092 
200 11 133 18 229 19 87 1 76 
200 10 133 12 107 20 77 2 58 
0 11 107 13 2 21 268 3 158 
0 12 2 14 1 22 5 4 7 
0 13 1 15 1 23 1 5 1 
0 14 1 16 1 24 1 6 1 
400 15 1 17 288 25 595 7 70 
0 16 288 18 288 
500 17 288 10 229 27 1285 9 1092 
600 20 81 27 444 28 82 10 87 
0 19 81 21 45 29 73 11 77 
0 20 45 22 12 30 316 12 268 
0 21 12 23 25 31 7 13 5 
0 22 25 24 39 32 15 14 1 
300 23 39 25 229 33 32 15 1 
500 24 229 26 121 34 856 16 595 
0 25 121 27 121 
400 26 121 19 444 36 1670 18 1285 
0 29 145 36 143 37 82 19 82 
300 28 145 30 79 38 62 20 73 
0 29 79 31 375 21 316 
0 30 375 32 89 40 332 22 7 
400 31 89 33 274 41 31 23 15 
0 32 274 34 208 42 98 24 32 
100 33 208 35 401 43 507 25 856 
0 34 401 36 1644 44 1852 
500 35 1644 28 143 45 276 27 1670 
0 38 2 45 2 46 82 28 82 
0 37 2 39 1 47 60 29 62 
0 38 1 40 1 
0 39 1 41 100 49 294 31 332 
200 40 100 42 177 50 30 32 31 
600 41 177 43 466 51 220 33 98 
300 42 466 44 455 52 543 34 507 
0 43 455 45 57 53 1686 35 1852 
100 44 57 37 2 54 254 36 276 
0 47 15 54 15 55 82 37 82 
0 46 15 48 21 56 81 38 60 
0 47 21 49 21 
0 48 21 50 57 58 251 40 294 
0 49 57 51 57 59 30 41 30 
700 50 57 52 445 60 240 42 220 
200 51 445 53 1107 61 1351 43 543 
300 52 1107 54 165 62 533 44 1686 
300 53 165 46 15 63 178 45 254 
300 56 74 63 221 64 57 46 82 
0 55 74 57 1 65 66 47 81 
0 56 1 58 1 
0 57 1 59 40 67 246 49 251 
0 58 40 60 40 68 30 50 30 
700 59 40 61 481 69 194 51 240 
300 60 481 62 219 70 845 52 1351 
300 61 219 63 299 71 212 53 533 
300 62 299 55 221 72 23 54 178 
400 65 60 72 284 55 57 
0 64 60 66 67 56 66 
0 65 67 67 67 
300 66 67 68 241 58 246 
600 67 241 69 561 59 30 
500 68 561 70 760 60 194 
0 69 760 71 147 61 845 
100 70 147 72 263 62 212 
0 71 263 64 284 63 23 
