72 126 011
500 2 187 9 461 10 62 
200 1 187 3 124 11 73 
0 2 124 4 1 12 124 
0 3 1 5 1 13 1 
0 4 1 6 1 14 1 
0 5 1 7 1 15 1 
0 6 1 8 1 16 1 
0 7 1 9 1 
700 8 1 1 461 18 1035 
200 11 38 18 152 19 81 1 62 
0 10 38 12 29 20 75 2 73 
0 11 29 13 1 21 153 3 124 
0 12 1 14 1 22 1 4 1 
0 13 1 15 1 23 1 5 1 
0 14 1 16 1 24 1 6 1 
400 15 1 17 736 25 989 7 1 
0 16 736 18 736 
500 17 736 10 152 27 755 9 1035 
600 20 95 27 451 28 98 10 81 
0 19 95 21 68 29 81 11 75 
0 20 68 22 220 12 153 
0 21 220 23 21 31 231 13 1 
0 22 21 24 32 32 11 14 1 
300 23 32 25 229 33 39 15 1 
500 24 229 26 291 34 1363 16 989 
0 25 291 27 291 
700 26 291 19 451 36 1100 18 755 
600 29 236 36 590 37 50 19 98 
300 28 236 30 90 38 75 20 81 
0 29 90 31 90 
0 30 90 32 110 40 245 22 231 
400 31 110 33 273 41 7 23 11 
0 32 273 34 184 42 128 24 39 
100 33 184 35 412 43 948 25 1363 
0 34 412 36 1328 44 1411 
500 35 1328 28 590 45 156 27 1100 
0 38 5 45 5 46 50 28 50 
0 37 5 39 1 47 75 29 75 
0 38 1 40 1 
0 39 1 41 97 49 204 31 245 
200 40 97 42 181 50 1 32 7 
600 41 181 43 496 51 221 33 128 
300 42 496 44 164 52 711 34 948 
200 43 164 45 52 53 1294 35 1411 
100 44 52 37 5 54 122 36 156 
0 47 1 54 1 55 50 37 50 
0 46 1 48 21 56 96 38 75 
0 47 21 49 21 
0 48 21 50 49 58 172 40 204 
0 49 49 51 49 59 1 41 1 
700 50 49 52 477 60 205 42 221 
200 51 477 53 458 61 746 43 711 
300 52 458 54 1 62 721 44 1294 
0 53 1 46 1 63 122 45 122 
0 56 21 63 21 64 50 46 50 
0 55 21 57 1 65 91 47 96 
0 56 1 58 1 
0 57 1 59 70 67 218 49 172 
0 58 70 60 70 68 1 50 1 
700 59 70 61 635 69 196 51 205 
0 60 635 62 260 52 746 
300 61 260 63 155 71 637 53 721 
300 62 155 55 21 72 14 54 122 
400 65 67 72 283 55 50 
0 64 67 66 45 56 91 
0 65 45 67 45 
300 66 45 68 59 58 218 
0 67 59 69 59 59 1 
500 68 59 70 318 60 196 
0 69 318 71 318 
100 70 318 72 272 62 637 
0 71 272 64 283 63 14 
