72 128 011
500 2 187 9 463 10 62 
200 1 187 3 123 11 72 
0 2 123 4 1 12 123 
0 3 1 5 1 13 1 
0 4 1 6 1 14 1 
0 5 1 7 1 15 1 
0 6 1 8 142 16 144 
0 7 142 9 142 
700 8 142 1 463 18 894 
200 11 31 18 140 19 74 1 62 
0 10 31 12 16 20 81 2 72 
0 11 16 13 1 21 138 3 123 
0 12 1 14 1 22 1 4 1 
0 13 1 15 1 23 1 5 1 
0 14 1 16 1 24 1 6 1 
400 15 1 17 74 25 470 7 144 
0 16 74 18 74 
500 17 74 10 140 27 1294 9 894 
600 20 126 27 483 28 90 10 74 
0 19 126 21 32 29 154 11 81 
0 20 32 22 170 12 138 
0 21 170 23 21 31 181 13 1 
0 22 21 24 21 32 1 14 1 
300 23 21 25 230 33 50 15 1 
500 24 230 26 456 34 375 16 470 
0 25 456 27 1607 35 1805 
700 26 1607 19 483 36 284 18 1294 
600 29 186 36 543 37 43 19 90 
300 28 186 30 90 38 124 20 154 
0 29 90 31 90 
0 30 90 32 109 40 194 22 181 
400 31 109 33 284 41 7 23 1 
0 32 284 34 186 42 127 24 50 
100 33 186 35 151 43 418 25 375 
0 34 151 36 643 44 2068 26 1805 
500 35 643 28 543 45 69 27 284 
0 38 5 45 5 46 43 28 43 
0 37 5 39 1 47 124 29 124 
0 38 1 40 1 
0 39 1 41 96 49 154 31 194 
200 40 96 42 181 50 1 32 7 
600 41 181 43 499 51 219 33 127 
400 42 499 44 1399 52 1451 34 418 
200 43 1399 45 52 53 661 35 2068 
100 44 52 37 5 54 35 36 69 
0 47 1 54 1 55 43 37 43 
0 46 1 48 1 56 124 38 124 
0 47 1 49 1 
0 48 1 50 49 58 143 40 154 
0 49 49 51 49 59 1 41 1 
700 50 49 52 479 60 203 42 219 
200 51 479 53 75 61 1038 43 1451 
300 52 75 54 1 62 530 44 661 
0 53 1 46 1 63 35 45 35 
0 56 21 63 35 64 57 46 43 
0 55 21 57 77 65 42 47 124 
0 56 77 58 21 66 98 
0 57 21 59 21 67 101 49 143 
0 58 21 60 21 68 1 50 1 
700 59 21 61 883 69 511 51 203 
0 60 883 62 301 52 1038 
300 61 301 63 242 71 400 53 530 
300 62 242 55 35 72 1 54 35 
400 65 74 72 270 55 57 
0 64 74 66 32 56 42 
0 65 32 67 87 57 98 
300 66 87 68 141 58 101 
0 67 141 69 141 59 1 
500 68 141 70 80 60 511 
0 69 80 71 80 
100 70 80 72 273 62 400 
0 71 273 64 270 63 1 
