72 126 011
500 2 112 9 389 10 37 
0 1 112 3 94 11 19 
0 2 94 4 1 12 94 
0 3 1 5 1 13 1 
0 4 1 6 1 14 1 
0 5 1 7 1 15 1 
0 6 1 8 380 16 383 
0 7 380 9 380 
700 8 380 1 389 18 602 
200 11 36 18 144 19 39 1 37 
0 10 36 12 23 20 31 2 19 
0 11 23 13 117 3 94 
0 12 117 14 1 22 117 4 1 
0 13 1 15 1 23 1 5 1 
0 14 1 16 1 24 1 6 1 
400 15 1 17 82 25 712 7 383 
0 16 82 18 82 
700 17 82 10 144 27 1152 9 602 
0 20 40 27 38 28 39 10 39 
0 19 40 21 1 29 71 11 31 
0 20 1 22 1 
0 21 1 23 8 31 125 13 117 
0 22 8 24 8 32 1 14 1 
300 23 8 25 196 33 95 15 1 
300 24 196 26 356 34 560 16 712 
0 25 356 27 1268 35 1513 
700 26 1268 19 38 36 250 18 1152 
600 29 104 36 462 37 22 19 39 
0 28 104 30 39 38 135 20 71 
0 29 39 31 39 
0 30 39 32 92 40 137 22 125 
500 31 92 33 370 41 37 23 1 
0 32 370 34 255 42 184 24 95 
100 33 255 35 140 43 596 25 560 
300 34 140 36 599 44 1820 26 1513 
500 35 599 28 462 45 31 27 250 
0 38 1 45 1 46 22 28 22 
0 37 1 39 26 47 161 29 135 
0 38 26 40 26 
0 39 26 41 59 49 123 31 137 
200 40 59 42 166 50 39 32 37 
800 41 166 43 648 51 297 33 184 
400 42 648 44 616 52 811 34 596 
200 43 616 45 1 53 1198 35 1820 
0 44 1 37 1 54 31 36 31 
0 47 1 54 1 55 22 37 22 
0 46 1 48 1 56 161 38 161 
0 47 1 49 1 
0 48 1 50 1 58 123 40 123 
0 49 1 51 1 59 39 41 39 
700 50 1 52 655 60 461 42 297 
0 51 655 53 378 43 811 
300 52 378 54 1 62 1429 44 1198 
0 53 1 46 1 63 31 45 31 
0 56 8 63 19 64 33 46 22 
0 55 8 57 118 65 51 47 161 
0 56 118 58 56 66 106 
0 57 56 59 111 67 101 49 123 
600 58 111 60 449 68 1 50 39 
700 59 449 61 637 69 73 51 461 
0 60 637 62 637 
500 61 637 63 257 71 417 53 1429 
300 62 257 55 19 72 1 54 31 
400 65 84 72 283 55 33 
0 64 84 66 33 56 51 
0 65 33 67 95 57 106 
300 66 95 68 109 58 101 
0 67 109 69 109 59 1 
0 68 109 70 38 60 73 
0 69 38 71 38 
100 70 38 72 287 62 417 
0 71 287 64 283 63 1 
