72 128 011
400 2 110 9 1 10 447 
0 1 110 3 110 
500 2 110 4 308 12 661 
400 3 308 5 66 13 28 
0 4 66 6 42 14 24 
0 5 42 7 1 15 42 
0 6 1 8 1 16 1 
0 7 1 9 1 17 1 
0 8 1 1 1 18 1 
500 11 628 18 393 1 447 19 443 
0 10 628 12 1249 20 1637 
600 11 1249 13 345 21 139 3 661 
400 12 345 14 51 4 28 22 45 
0 13 51 15 17 5 24 23 58 
0 14 17 16 59 6 42 
0 15 59 17 17 25 77 7 1 
0 16 17 18 17 8 1 26 1 
500 17 17 10 393 9 1 27 88 
100 20 132 27 248 10 443 28 549 
0 19 132 21 633 29 1958 11 1637 
500 20 633 22 374 30 64 12 139 
400 21 374 23 150 13 45 31 35 
200 22 150 24 78 14 58 32 102 
0 23 78 25 78 
0 24 78 26 91 34 107 16 77 
500 25 91 27 364 17 1 35 44 
0 26 364 19 248 18 88 36 158 
300 29 1000 36 387 19 549 37 1484 
300 28 1000 30 64 38 1023 20 1958 
100 29 64 31 3 39 50 21 64 
0 30 3 32 3 22 35 40 35 
0 31 3 33 1 23 102 41 102 
0 32 1 34 1 
0 33 1 35 21 43 107 25 107 
0 34 21 36 21 26 44 44 44 
600 35 21 28 387 27 158 45 238 
200 38 68 45 524 28 1484 46 1285 
300 37 68 39 1 47 974 29 1023 
0 38 1 40 1 48 50 30 50 
0 39 1 41 1 31 35 49 35 
0 40 1 42 1 32 102 50 102 
0 41 1 43 1 
0 42 1 44 87 52 95 34 107 
500 43 87 45 395 35 44 53 44 
400 44 395 37 524 36 238 54 237 
0 47 628 54 910 37 1285 
300 46 628 48 402 56 1226 38 974 
500 47 402 49 44 39 50 57 16 
0 48 44 50 18 40 35 58 61 
0 49 18 51 71 41 102 59 31 
0 50 71 52 44 60 115 
0 51 44 53 1 61 51 43 95 
0 52 1 54 1 44 44 62 44 
600 53 1 46 910 45 237 63 682 
0 56 239 63 238 
200 55 239 57 324 65 825 47 1226 
0 56 324 58 324 48 16 66 16 
500 57 324 59 101 49 61 67 13 
0 58 101 60 75 50 31 68 5 
0 59 75 61 107 69 5 51 115 
200 60 107 62 157 70 1 52 51 
500 61 157 63 500 53 44 71 1 
500 62 500 55 238 54 682 72 1 
0 65 1 72 1 
600 64 1 66 265 56 825 
300 65 265 67 23 57 16 
0 66 23 68 10 58 13 
0 67 10 69 5 59 5 
0 68 5 70 1 60 5 
0 69 1 71 1 61 1 
0 70 1 72 1 62 1 
0 71 1 64 1 63 1 
