72 126 011
0 2 1 9 1 10 1 
400 1 1 3 67 11 333 
0 2 67 4 67 
500 3 67 5 382 13 805 
400 4 382 6 167 14 47 
200 5 167 7 131 15 48 
0 6 131 8 1 16 131 
0 7 1 9 1 17 1 
0 8 1 1 1 18 1 
0 11 1 18 1 1 1 19 1 
500 10 1 12 732 2 333 20 1361 
0 11 732 13 732 
500 12 732 14 294 4 805 22 632 
400 13 294 15 78 5 47 23 67 
0 14 78 16 62 6 48 24 51 
0 15 62 17 1 7 131 25 192 
0 16 1 18 1 8 1 26 1 
0 17 1 10 1 9 1 27 1 
0 20 273 27 272 10 1 28 1 
100 19 273 21 213 11 1361 29 1472 
0 20 213 22 213 
500 21 213 23 483 13 632 31 1016 
500 22 483 24 214 14 67 32 54 
300 23 214 25 180 15 51 33 60 
0 24 180 26 372 16 192 
0 25 372 27 104 17 1 35 327 
500 26 104 19 272 18 1 36 122 
600 29 392 36 121 19 1 37 206 
300 28 392 30 603 20 1472 38 907 
0 29 603 31 843 39 1402 
100 30 843 32 1 22 1016 40 223 
0 31 1 33 1 23 54 41 54 
0 32 1 34 1 24 60 42 60 
0 33 1 35 1 
0 34 1 36 35 26 327 44 312 
0 35 35 28 121 27 122 45 38 
700 38 709 45 399 28 206 46 272 
200 37 709 39 256 29 907 47 814 
300 38 256 40 60 48 1361 30 1402 
100 39 60 41 4 31 223 49 210 
0 40 4 42 4 32 54 50 54 
0 41 4 43 1 33 60 51 59 
0 42 1 44 1 
0 43 1 45 144 35 312 53 250 
500 44 144 37 399 36 38 54 34 
700 47 461 54 42 37 272 55 196 
300 46 461 48 370 38 814 56 825 
300 47 370 49 298 39 1361 57 844 
500 48 298 50 21 40 210 58 122 
0 49 21 51 21 41 54 59 54 
0 50 21 52 42 42 59 60 97 
0 51 42 53 42 
0 52 42 54 40 44 250 62 191 
0 53 40 46 42 45 34 63 34 
500 56 612 63 368 46 196 64 48 
0 55 612 57 475 47 825 
100 56 475 58 239 48 844 66 1065 
0 57 239 59 357 49 122 67 55 
500 58 357 60 88 50 54 68 1 
0 59 88 61 45 51 97 69 35 
0 60 45 62 45 
200 61 45 63 165 53 191 71 6 
400 62 165 55 368 54 34 72 1 
100 65 48 72 6 55 48 
0 64 48 66 48 
600 65 48 67 503 57 1065 
600 66 503 68 36 58 55 
0 67 36 69 36 59 1 
0 68 36 70 1 60 35 
0 69 1 71 1 
0 70 1 72 6 62 6 
0 71 6 64 6 63 1 
