72 126 011
400 2 113 9 1 10 458 
0 1 113 3 113 
400 2 113 4 292 12 550 
400 3 292 5 96 13 14 
0 4 96 6 55 14 41 
0 5 55 7 55 
0 6 55 8 1 16 55 
0 7 1 9 1 17 1 
0 8 1 1 1 18 1 
300 11 534 18 304 1 458 19 340 
0 10 534 12 954 20 1365 
600 11 954 13 17 21 95 3 550 
0 12 17 14 17 4 14 22 14 
0 13 17 15 1 5 41 23 58 
0 14 1 16 1 
0 15 1 17 8 25 63 7 55 
0 16 8 18 8 8 1 26 1 
500 17 8 10 304 9 1 27 185 
100 20 115 27 348 10 340 28 502 
300 19 115 21 615 29 1830 11 1365 
500 20 615 22 301 30 39 12 95 
400 21 301 23 87 13 14 31 17 
0 22 87 24 24 14 58 32 122 
0 23 24 25 24 
0 24 24 26 90 34 82 16 63 
700 25 90 27 522 17 1 35 86 
0 26 522 19 348 18 185 36 290 
300 29 451 36 486 19 502 37 962 
200 28 451 30 1 38 1427 20 1830 
0 29 1 31 1 39 39 21 39 
0 30 1 32 1 22 17 40 17 
0 31 1 33 30 23 122 41 152 
0 32 30 34 30 
0 33 30 35 13 43 66 25 82 
0 34 13 36 13 26 86 44 86 
800 35 13 28 486 27 290 45 405 
0 38 726 45 688 28 962 
300 37 726 39 1 47 2105 29 1427 
0 38 1 40 1 48 39 30 39 
0 39 1 41 1 31 17 49 17 
0 40 1 42 39 32 152 50 157 
0 41 39 43 39 
0 42 39 44 64 52 57 34 66 
500 43 64 45 366 35 86 53 94 
400 44 366 37 688 36 405 54 589 
0 47 474 54 470 
500 46 474 48 405 56 1643 38 2105 
500 47 405 49 30 39 39 57 26 
0 48 30 50 9 40 17 58 39 
0 49 9 51 96 41 157 59 69 
0 50 96 52 31 60 99 
0 51 31 53 51 61 51 43 57 
400 52 51 54 291 44 94 62 69 
600 53 291 46 470 45 589 63 356 
0 56 443 63 443 
200 55 443 57 585 65 829 47 1643 
300 56 585 58 336 48 26 66 21 
500 57 336 59 121 49 39 67 13 
0 58 121 60 52 50 69 68 1 
0 59 52 61 123 69 5 51 99 
200 60 123 62 141 70 1 52 51 
500 61 141 63 444 53 69 71 1 
400 62 444 55 443 54 356 72 1 
0 65 1 72 1 
600 64 1 66 266 56 829 
300 65 266 67 18 57 21 
0 66 18 68 5 58 13 
0 67 5 69 5 59 1 
0 68 5 70 1 60 5 
0 69 1 71 1 61 1 
0 70 1 72 1 62 1 
0 71 1 64 1 63 1 
