72 128 011
400 2 205 9 1 10 195 
0 1 205 3 602 11 749 
400 2 602 4 330 12 89 
400 3 330 5 72 13 14 
0 4 72 6 24 14 48 
0 5 24 7 24 
0 6 24 8 1 16 24 
0 7 1 9 1 17 1 
0 8 1 1 1 18 1 
300 11 192 18 304 1 195 19 529 
0 10 192 12 496 20 1208 2 749 
600 11 496 13 10 21 95 3 89 
0 12 10 14 10 4 14 22 14 
0 13 10 15 1 5 48 23 58 
0 14 1 16 1 
0 15 1 17 8 25 33 7 24 
0 16 8 18 8 8 1 26 1 
500 17 8 10 304 9 1 27 185 
100 20 777 27 348 10 529 28 1375 
300 19 777 21 560 29 933 11 1208 
500 20 560 22 291 30 83 12 95 
400 21 291 23 98 13 14 31 17 
0 22 98 24 24 14 58 32 132 
0 23 24 25 24 
0 24 24 26 90 34 52 16 33 
700 25 90 27 522 17 1 35 86 
0 26 522 19 348 18 185 36 290 
300 29 49 36 486 19 1375 37 1408 
200 28 49 30 1 38 957 20 933 
0 29 1 31 1 39 83 21 83 
0 30 1 32 1 22 17 40 17 
0 31 1 33 1 23 132 41 132 
0 32 1 34 1 
0 33 1 35 1 43 52 25 52 
0 34 1 36 1 26 86 44 86 
800 35 1 28 486 27 290 45 419 
0 38 932 45 902 28 1408 
300 37 932 39 1 47 1841 29 957 
0 38 1 40 22 48 62 30 83 
0 39 22 41 1 31 17 49 39 
0 40 1 42 105 32 132 50 27 
0 41 105 43 82 51 153 
0 42 82 44 60 52 30 34 52 
500 43 60 45 371 35 86 53 94 
400 44 371 37 902 36 419 54 813 
0 47 277 54 274 
500 46 277 48 405 56 1575 38 1841 
500 47 405 49 30 39 62 57 49 
0 48 30 50 9 40 39 58 60 
0 49 9 51 9 41 27 59 27 
0 50 9 52 31 60 165 42 153 
0 51 31 53 38 61 36 43 30 
400 52 38 54 304 44 94 62 69 
600 53 304 46 274 45 813 63 370 
0 56 363 63 363 
200 55 363 57 540 65 726 47 1575 
300 56 540 58 315 48 49 66 21 
500 57 315 59 121 49 60 67 13 
0 58 121 60 122 50 27 68 28 
0 59 122 61 123 69 1 51 165 
200 60 123 62 155 70 1 52 36 
500 61 155 63 457 53 69 71 1 
400 62 457 55 363 54 370 72 80 
0 65 80 72 80 
600 64 80 66 243 56 726 
300 65 243 67 41 57 21 
0 66 41 68 28 58 13 
0 67 28 69 1 59 28 
0 68 1 70 1 60 1 
0 69 1 71 1 61 1 
0 70 1 72 1 62 1 
0 71 1 64 80 63 80 
